------------------
Part a)
Matrix A is:

         3          4          5 
         7          8          9 
        10         11         12 
        17         14         15 
        16         17         19 
After QR decomposition, Q:

     0.113      0.299      0.787 
     0.264      0.323   -0.00341 
     0.377      0.341     -0.596 
     0.641     -0.741      0.102 
     0.603      0.377      0.118 
After QR decomposition, R is upper triangular:

      26.5       25.9       28.6 
         0       3.56       4.54 
         0          0      0.526 
Q is orthogonal as Q^T * Q is the identity: 

         1   1.11e-15   9.71e-17 
  1.11e-15          1  -6.59e-16 
  9.71e-17  -6.59e-16          1 
Q*R is A

         3          4          5 
         7          8          9 
        10         11         12 
        17         14         15 
        16         17         19 

     0.176    -0.0799     -0.272          0          0 
     -1.82     0.0989       1.54          0          0 
       1.5   -0.00649      -1.13          0          0 

     0.722      0.124     -0.325          0          0 
     0.124      0.174      0.212          0          0 
    -0.325      0.212      0.614          0          0 
   -0.0685    -0.0701    -0.0713          0          0 
     0.274      0.281      0.285          0          0 
Large randomly generated matrix to solve:

    -0.503     -0.779     -0.066      0.543      0.315     -0.134     -0.292      0.888     -0.797      0.285     -0.943     -0.504      -0.36       0.98      0.364       0.31     -0.435      0.231      0.409      0.404 
       0.9     -0.813     -0.678     -0.236      0.596     -0.661      0.588     -0.386      0.646      0.773      0.113      0.433      0.399     -0.973      0.984      0.613      0.717     -0.875     0.0288     0.0505 
    -0.454      0.988      0.382     -0.227     -0.131      0.351      0.355    -0.0543     -0.511     -0.293     0.0525     -0.661     -0.307      0.383      -0.21     -0.689        0.9      -0.83      0.947    -0.0239 
     0.278     -0.906     -0.758      -0.57     -0.828     -0.376     0.0975     -0.387      0.996      0.752      0.592      -0.56     -0.798     -0.642     -0.142      0.912     -0.195      0.549      0.895     -0.755 
   -0.0158     -0.358     -0.875    -0.0609      -0.28     -0.226      -0.26     -0.985      0.237      0.673      0.713      0.547     -0.822     -0.947      0.773     -0.548      0.746    -0.0474     -0.399     -0.755 
    -0.747     -0.258      -0.05     -0.263      0.115     -0.388     -0.863     -0.665     -0.475     -0.122      0.506     -0.649     -0.725      0.702      0.992     -0.364      0.968      0.303      0.709      0.399 
     0.884     0.0823      0.376     -0.677     -0.961     -0.955     -0.737     -0.851     -0.415     -0.594     -0.834      0.852    -0.0523       0.65      0.992     -0.758      0.692      0.388      0.824     -0.892 
    -0.363     -0.595       0.49     -0.641     -0.833      0.362      0.273     -0.525     -0.939      0.136     -0.516     -0.557      0.243      0.202     -0.639      0.171      0.366     -0.373     -0.301     0.0698 
    -0.651      0.988       0.75     -0.881     -0.288      0.654      0.403     -0.376       0.71       0.75    -0.0557      -0.42      0.478      0.601     -0.238      0.478      0.593     0.0174     -0.845     -0.323 
    -0.228      0.787     -0.912      0.449      0.922      0.723     -0.392      0.745      0.289     -0.179     -0.123     0.0645     -0.311     -0.245      0.759     -0.351     -0.345       0.37      0.646     -0.487 
     0.958     -0.352     -0.235     -0.689     -0.808      0.903    -0.0348      0.643     -0.559     -0.117      0.579     -0.652     -0.528     -0.978     -0.702     -0.438      0.899     -0.699     -0.803    -0.0104 
    0.0455      0.658      0.335      -0.11     -0.127       0.88      0.891     -0.276      0.842     -0.887     -0.177     -0.778      0.371      0.642     -0.282     -0.876     0.0223      0.777      0.257     -0.981 
    -0.242    -0.0342      0.305     -0.594      0.242     -0.472     -0.408     -0.332     -0.543      0.197      -0.25     -0.645      0.173     -0.343      0.468       -0.7      0.313      0.875      0.438     -0.688 
    -0.988     -0.758      0.801     -0.672      -0.94      0.356    -0.0228      -0.17      0.303     -0.827       0.54     -0.878     0.0435     -0.822     -0.768      -0.92     -0.647    -0.0708      0.648     -0.656 
     0.287      0.223     -0.734     -0.355      0.363     -0.532      0.049     -0.286     -0.825     -0.582     -0.189      0.147     -0.661     -0.055     -0.993     -0.484      0.165    -0.0233     -0.654      0.886 
     0.551      0.763      0.364     -0.716      0.657     -0.372      0.311   -0.00488     -0.575      0.388      0.947     -0.616     -0.773     0.0939     0.0248     -0.211      0.975      0.156    -0.0349      0.592 
    -0.693     -0.737     -0.345     -0.115      0.362     -0.607      0.783     -0.901     -0.828      0.716    -0.0851      0.377     -0.417      0.762     -0.207      0.525      0.859      0.983    -0.0128     -0.265 
     0.157     -0.946      -0.71     -0.213     -0.529     -0.572    -0.0802      0.245       0.92      0.217     -0.459     -0.992     -0.988     -0.245      0.578      0.288      0.108     -0.521    -0.0786      0.265 
    -0.155      0.213     -0.176     -0.291     -0.527      -0.43      0.801     -0.535     -0.699        0.5    -0.0701      0.992     -0.831      -0.77     -0.565     -0.746      0.973      0.868     -0.586    -0.0652 
     0.473     -0.462     -0.822    -0.0459      0.175    -0.0936      0.365      0.828     -0.816      0.505     -0.583       0.38     0.0615      0.722       0.89      0.944       0.23      0.581     -0.686      0.901 
Large randomly generated vector to solve system of equations with:
    -0.373     -0.546    -0.0556      -0.58     -0.712     -0.452      0.839      0.782      -0.68      0.325      0.315      0.239     -0.935      0.987      0.792     -0.693     0.0345      0.869      0.533      0.567 
Solving with QRdecomposition for x:
    -0.577      0.298       1.03     -0.293      0.116      0.295      0.955     -0.296     -0.698      -3.18     -0.915      0.279      -1.87      -1.39       1.17       2.43    -0.0707    -0.0444     -0.716     -0.613 
We now have A*x = Q*R*x =
    -0.373     -0.546    -0.0556      -0.58     -0.712     -0.452      0.839      0.782      -0.68      0.325      0.315      0.239     -0.935      0.987      0.792     -0.693     0.0345      0.869      0.533      0.567 
Which is the same as the previously randomly generated vector, indicating we have the solution for x.
Now test calculation of determinant of matrix

     0.205      0.972 
    -0.718     -0.204 
Determinant calculated by simple formula is a[0,0] * a[1,1] - a[0,1]*a[1,0] = 0.656435675048854
Determinant of this matrix as product of diagonal elements of triangular part is 0.656435675048854
------------------
Part b)
The inverse of the previously generated large matrix is

    -0.311      -1.48 
      1.09      0.312 
The product of the large matrix with its inverse is

         1          0 
 -2.78e-17          1 
Which is the identity matrix, which must mean that we have found the inverse.
------------------
Part c)
A plot has been made demonstrating that the calculation time goes like N^3 on Timing.svg.
