0	0	0.998601556727329	0
0.00628947478196155	0.00628063955500203	0.998582594923635	1.97510870614573E-05
0.0125789495639231	0.0125610405904318	0.998525709512555	7.90043482458292E-05
0.0188684243458846	0.0188409645867169	0.998430900494088	0.000177759783553116
0.0251578991278462	0.0251201730242851	0.998298167868234	0.000316017392983317
0.0314473739098077	0.0313984273835641	0.998127511634993	0.000493777176536433
0.0377368486917693	0.0376754891449816	0.997918931794366	0.000711039134212463
0.0440263234737308	0.0439511197889654	0.997672428346352	0.000967803266011408
0.0503157982556924	0.050225080795943	0.997388001290951	0.00126406957193327
0.0566052730376539	0.0564971336463422	0.997065650628163	0.00159983805197804
0.0628947478196155	0.0627670398205907	0.996705376357988	0.00197510870614573
0.069184222601577	0.0690345607991162	0.996307178480427	0.00238988153443633
0.0754736973835386	0.0752994580623464	0.995871056995479	0.00284415653684985
0.0817631721655001	0.081561493090709	0.995397011903144	0.00333793371338628
0.0880526469474617	0.0878204273646317	0.994885043203422	0.00387121306404563
0.0943421217294232	0.0940760223645422	0.994335150896313	0.00444399458882789
0.100631596511385	0.100328039570868	0.993747334981818	0.00505627828773307
0.106921071293346	0.106576240464037	0.993121595459936	0.00570806416076116
0.113210546075308	0.112820386524477	0.992457932330666	0.00639935220791217
0.119500020857269	0.119060239232616	0.991756345594011	0.00713014242918609
0.125789495639231	0.125295560068881	0.991016835249968	0.00790043482458292
0.132078970421193	0.1315261105137	0.990239401298539	0.00871022939410267
0.138368445203154	0.137751652047501	0.989424043739722	0.00955952613774534
0.144657919985116	0.143971946150711	0.988570762573519	0.0104483250555109
0.150947394767077	0.150186754303758	0.987679557799929	0.0113766261473994
0.157236869549039	0.15639583798707	0.986750429418953	0.0123444294134108
0.163526344331	0.162598958681074	0.985783377430589	0.0133517348535451
0.169815819112962	0.168795877866199	0.984778401834839	0.0143985424678024
0.176105293894923	0.174986357022871	0.983735502631702	0.0154848522561825
0.182394768676885	0.18117015763152	0.982654679821178	0.0166106642186856
0.188684243458846	0.187347041172571	0.981535933403267	0.0177759783553116
0.194973718240808	0.193516769126453	0.98037926337797	0.0189807946660605
0.20126319302277	0.199679102973594	0.979184669745286	0.0202251131509323
0.207552667804731	0.205833804194422	0.977952152505215	0.021508933809927
0.213842142586693	0.211980634269363	0.976681711657757	0.0228322566430446
0.220131617368654	0.218119354678847	0.975373347202912	0.0241950816502852
0.226421092150616	0.2242497269033	0.97402705914068	0.0255974088316487
0.232710566932577	0.23037151242315	0.972642847471062	0.027039238187135
0.239000041714539	0.236484472718825	0.971220712194057	0.0285205697167444
0.2452895164965	0.242588369270752	0.969760653309665	0.0300414034204766
0.251578991278462	0.24868296355936	0.968262670817886	0.0316017392983317
0.257868466060423	0.254768017065076	0.966726764718721	0.0332015773503097
0.264157940842385	0.260843291268327	0.965152935012169	0.0348409175764107
0.270447415624347	0.266908547649542	0.96354118169823	0.0365197599766345
0.276736890406308	0.272963547689148	0.961891504776904	0.0382381045509813
0.28302636518827	0.279008052867573	0.960203904248191	0.039995951299451
0.289315839970231	0.285041824665244	0.958478380112091	0.0417933002220437
0.295605314752193	0.291064624562589	0.956714932368605	0.0436301513187592
0.301894789534154	0.297076214040036	0.954913561017732	0.0455065045895976
0.308184264316116	0.303076354578013	0.953074266059472	0.047422360034559
0.314473739098077	0.309064807656947	0.951197047493825	0.0493777176536433
0.320763213880039	0.315041334757267	0.949281905320792	0.0513725774468504
0.327052688662	0.321005697359398	0.947328839540371	0.0534069394141806
0.333342163443962	0.326957656943771	0.945337850152564	0.0554808035556336
0.339631638225924	0.332896974990811	0.94330893715737	0.0575941698712095
0.345921113007885	0.338823412980947	0.94124210055479	0.0597470383609084
0.352210587789847	0.344736732394607	0.939137340344822	0.0619394090247301
0.358500062571808	0.350636694712217	0.936994656527468	0.0641712818626748
0.36478953735377	0.356523061414207	0.934814049102727	0.0664426568747424
0.371079012135731	0.362395593981003	0.932595518070599	0.0687535340609329
0.377368486917693	0.368254053893034	0.930339063431084	0.0711039134212463
0.383657961699654	0.374098202630726	0.928044685184182	0.0734937949556826
0.389947436481616	0.379927801674508	0.925712383329894	0.0759231786642419
0.396236911263577	0.385742612504808	0.923342157868219	0.078392064546924
0.402526386045539	0.391542396602052	0.920934008799157	0.0809004526037291
0.408815860827501	0.39732691544667	0.918487936122708	0.0834483428346571
0.415105335609462	0.403095930519088	0.916003939838873	0.086035735239708
0.421394810391424	0.408849203299734	0.91348201994765	0.0886626298188819
0.427684285173385	0.414586495269036	0.910922176449041	0.0913290265721786
0.433973759955347	0.420307567907421	0.908324409343045	0.0940349254995982
0.440263234737308	0.426012182695318	0.905688718629662	0.0967803266011408
0.44655270951927	0.431700101113154	0.903015104308893	0.0995652298768062
0.452842184301231	0.437371084641356	0.900303566380736	0.102389635326595
0.459131659083193	0.443024894760353	0.897554104845193	0.105253542950506
0.465421133865154	0.448661292950572	0.894766719702263	0.10815695274854
0.471710608647116	0.454280040692441	0.891941410951946	0.111099864720697
0.478000083429078	0.459880899466387	0.889078178594243	0.114082278866977
0.484289558211039	0.465463630752838	0.886177022629152	0.11710419518738
0.490579032993001	0.471027996032222	0.883237943056675	0.120165613681906
0.496868507774962	0.476573756784967	0.880260939876811	0.123266534350555
0.503157982556924	0.4821006744915	0.87724601308956	0.126406957193327
0.509447457338885	0.487608510632249	0.874193162694923	0.129586882210221
0.515736932120847	0.493097026687642	0.871102388692898	0.132806309401239
0.522026406902808	0.498565984138106	0.867973691083487	0.136065238766379
0.52831588168477	0.504015144464069	0.864807069866689	0.139363670305643
0.534605356466732	0.509444269145959	0.861602525042504	0.142701604019029
0.540894831248693	0.514853119664203	0.858360056610933	0.146079039906538
0.547184306030655	0.52024145749923	0.855079664571974	0.14949597796817
0.553473780812616	0.525609044131466	0.851761348925629	0.152952418203925
0.559763255594578	0.53095564104134	0.848405109671897	0.156448360613803
0.566052730376539	0.53628100970928	0.845010946810778	0.159983805197804
0.572342205158501	0.541584911615712	0.841578860342272	0.163558751955928
0.578631679940462	0.546867108241065	0.83810885026638	0.167173200888175
0.584921154722424	0.552127361065766	0.834600916583101	0.170827151994544
0.591210629504386	0.557365431570244	0.831055059292435	0.174520605275037
0.597500104286347	0.562581081234925	0.827471278394382	0.178253560729652
0.603789579068309	0.567774071540237	0.823849573888942	0.18202601835839
0.61007905385027	0.572944163966609	0.820189945776116	0.185837978161252
0.616368528632232	0.578091119994468	0.816492394055902	0.189689440138236
0.622658003414193	0.583214701104241	0.812756918728302	0.193580404289343
0.628947478196155	0.588314668776357	0.808983519793316	0.197510870614573
0.635236952978116	0.593390784491242	0.805172197250942	0.201480839113926
0.641526427760078	0.598442809729325	0.801322951101181	0.205490309787402
0.647815902542039	0.603470505971034	0.797435781344034	0.209539282635001
0.654105377324001	0.608473634696795	0.7935106879795	0.213627757656722
0.660394852105962	0.613451957387038	0.789547671007579	0.217755734852567
0.666684326887924	0.618405235522189	0.785546730428272	0.221923214222534
0.672973801669886	0.623333230582676	0.781507866241577	0.226130195766625
0.679263276451847	0.628235704048927	0.777431078447496	0.230376679484838
0.685552751233809	0.633112417401369	0.773316367046028	0.234662665377174
0.69184222601577	0.637963132120431	0.769163732037173	0.238988153443633
0.698131700797732	0.642787609686539	0.764973173420931	0.243353143684215
0.704421175579693	0.647585630181116	0.760753563635987	0.247411042472059
0.710710650361655	0.652357048089553	0.756513775121027	0.251499033330011
0.717000125143616	0.657101736498238	0.752253807876051	0.255616945027097
0.723289599925578	0.661819568493557	0.747973661901058	0.259764603190407
0.72957907470754	0.666510417161897	0.743673337196048	0.263941830305098
0.735868549489501	0.671174155589643	0.739352833761022	0.268148445714396
0.742158024271463	0.675810656863182	0.735012151595979	0.272384265619589
0.748447499053424	0.680419794068901	0.73065129070092	0.276649103080034
0.754736973835386	0.685001440293187	0.726270251075844	0.280942768013153
0.761026448617347	0.689555468622424	0.721869032720751	0.285265067194436
0.767315923399309	0.694081752143001	0.717447635635643	0.289615804257437
0.77360539818127	0.698580163941303	0.713006059820517	0.293994779693779
0.779894872963232	0.703050577103717	0.708544305275374	0.298401790853149
0.786184347745194	0.707492864716629	0.704062372000216	0.3028366319433
0.792473822527155	0.711906899866426	0.699560259995041	0.307299094030054
0.798763297309117	0.716292555639494	0.695037969259849	0.311788965037298
0.805052772091078	0.720649705122219	0.69049549979464	0.316306029746983
0.81134224687304	0.724978221400989	0.685932851599415	0.320850069799131
0.817631721655001	0.729277977562189	0.681350024674173	0.325420863691826
0.823921196436963	0.733548846692205	0.676747019018915	0.33001818678122
0.830210671218924	0.737790701877425	0.672123834633641	0.334641811281532
0.836500146000886	0.742003416204234	0.667480471518349	0.339291506265046
0.842789620782847	0.74618686275902	0.662816929673041	0.343967037662113
0.849079095564809	0.750340914628168	0.658133209097717	0.348668168261151
0.855368570346771	0.754465444898065	0.653429309792376	0.353394657708642
0.861658045128732	0.758560326655098	0.648705231757018	0.358146262509137
0.867947519910694	0.762625432985652	0.643960974991644	0.362922736025251
0.874236994692655	0.766660636976114	0.639196539496253	0.367723828477668
0.880526469474617	0.770665811712872	0.634411925270846	0.372549286945135
0.886815944256578	0.77464083028231	0.629607132315422	0.377398855364468
0.89310541903854	0.778585565770816	0.624782160629982	0.382272274530549
0.899394893820501	0.782499891264775	0.619937010214525	0.387169282096324
0.905684368602463	0.786383679850575	0.615071681069051	0.392089612572808
0.911973843384424	0.790236804614603	0.610186173193561	0.397032997329081
0.918263318166386	0.794059138643243	0.605280486588054	0.40199916459229
0.924552792948347	0.797850555022882	0.600354621252531	0.406987839447647
0.930842267730309	0.801610926839908	0.595408577186991	0.411998743838432
0.937131742512271	0.805340127180707	0.590442354391435	0.417031596565989
0.943421217294232	0.809038029131665	0.585455952865861	0.422086113289732
0.949710692076194	0.812704505779168	0.580449372610272	0.427162006527138
0.956000166858155	0.816339430209602	0.575422613624666	0.43225898565375
0.962289641640117	0.819942675509355	0.570375675909043	0.437376756903181
0.968579116422078	0.823514114764813	0.565308559463404	0.442515023367107
0.97486859120404	0.827053621062361	0.560221264287748	0.447673484995271
0.981158065986002	0.830561067488388	0.555113790382075	0.452851838595483
0.987447540767963	0.834036327129278	0.549986137746386	0.458049777833619
0.993737015549924	0.837479273071418	0.544838306380681	0.463266993233621
1.00002649033189	0.840889778401196	0.539670296284959	0.468503172177498
1.00631596511385	0.844267716204996	0.53448210745922	0.473757998905324
1.01260543989581	0.847612959569207	0.529273739903465	0.47903115451524
1.01889491467777	0.850925381580213	0.524045193617693	0.484322316963455
1.02518438945973	0.854204855324402	0.518796468601905	0.489631161064241
1.03147386424169	0.85745125388816	0.5135275648561	0.494957358489939
1.03776333902366	0.860664450357873	0.508238482380278	0.500300577770955
1.04405281380562	0.863844317819929	0.50292922117444	0.505660484295763
1.05034228858758	0.866990729360712	0.497599781238585	0.5110367403109
1.05663176336954	0.87010355806661	0.492250162572714	0.516429004920972
1.0629212381515	0.873182677024009	0.486880365176826	0.52183693408865
1.06921071293346	0.876227959319296	0.481490389050922	0.527260180634674
1.07550018771542	0.879239278038857	0.476080234195001	0.532698394237846
1.08178966249739	0.882216506269078	0.470649900609063	0.538151221435037
1.08807913727935	0.885159517096346	0.465199388293109	0.543618305621185
1.09436861206131	0.888068183607047	0.459728697247139	0.549099287049291
1.10065808684327	0.890942378887568	0.454237827471151	0.554593802830426
1.10694756162523	0.893781976024295	0.448726778965147	0.560101486933725
1.11323703640719	0.896586848103614	0.443195551729127	0.565621970186391
1.11952651118916	0.899356868211912	0.43764414576309	0.571154880273691
1.12581598597112	0.902091909435576	0.432072561067037	0.576699841738961
1.13210546075308	0.904791844860992	0.426480797640967	0.582256475983601
1.13839493553504	0.907456547574546	0.42086885548488	0.587824401267079
1.144684410317	0.910085890662624	0.415236734598777	0.593403232706927
1.15097388509896	0.912679747211614	0.409584434982657	0.598992582278747
1.15726335988092	0.915237990307901	0.403911956636521	0.604592058816203
1.16355283466289	0.917760493037873	0.398219299560368	0.610201268011029
1.16984230944485	0.920247128487914	0.392506463754198	0.615819812413024
1.17613178422681	0.922697769744413	0.386773449218012	0.621447291430052
1.18242125900877	0.925112289893754	0.381020255951809	0.627083301328045
1.18871073379073	0.927490562022326	0.37524688395559	0.632727435231
1.19500020857269	0.929832459216513	0.369453333229354	0.638379283120982
1.20128968335466	0.932137854562703	0.363639603773102	0.64403843183812
1.20757915813662	0.934406621147282	0.357805695586833	0.649704465080613
1.21386863291858	0.936638632056636	0.351951608670548	0.655376963404721
1.22015810770054	0.938833760377153	0.346077343024245	0.661055504224775
1.2264475824825	0.940991879195217	0.340182898647927	0.66673966181317
1.23273705726446	0.943112861597216	0.334268275541592	0.672429007300368
1.23902653204642	0.945196580669536	0.32833347370524	0.678123108674897
1.24531600682839	0.947242909498564	0.322378493138872	0.683821530783352
1.25160548161035	0.949251721170686	0.316403333842487	0.689523835330393
1.25789495639231	0.951222888772288	0.310407995816085	0.695229580878748
1.26418443117427	0.953156285389757	0.304392479059667	0.700938322849208
1.27047390595623	0.955051784109479	0.298356783573233	0.706649613520636
1.27676338073819	0.956909258017841	0.292300909356781	0.712363002029956
1.28305285552016	0.958728580201229	0.286224856410314	0.71807803437216
1.28934233030212	0.96050962374603	0.280128624733829	0.723794253400308
1.29563180508408	0.962252261738629	0.274012214327329	0.729511198825523
1.30192127986604	0.963956367265414	0.267875625190811	0.735228407216998
1.308210754648	0.965621813412771	0.261718857324277	0.74094541200199
1.31450022942996	0.967248473267086	0.255541910727726	0.746661743465822
1.32078970421192	0.968836219914746	0.249344785401159	0.752376928751885
1.32707917899389	0.970384926442137	0.243127481344575	0.758090491861636
1.33336865377585	0.971894465935645	0.236889998557975	0.763801953654596
1.33965812855781	0.973364711481657	0.230632337041358	0.769510831848355
1.34594760333977	0.97479553616656	0.224354496794725	0.775216641018568
1.35223707812173	0.97618681307674	0.218056477818075	0.780918892598957
1.35852655290369	0.977538415298583	0.211738280111408	0.78661709488131
1.36481602768566	0.978850215918475	0.205399903674725	0.792310753015481
1.37110550246762	0.980122088022804	0.199041348508025	0.797999369009391
1.37739497724958	0.981353904697955	0.192662614611309	0.803682441729026
1.38368445203154	0.982545539030315	0.186263701984576	0.80935946689844
1.3899739268135	0.983696864106271	0.179844610627827	0.815029937099752
1.39626340159546	0.984807753012208	0.173405340541061	0.820693341773148
1.40255287637743	0.985878107332888	0.166959485088981	0.82689065232042
1.40884235115939	0.986907942646573	0.160520637636292	0.833094564419746
1.41513182594135	0.987897303029896	0.154088798182993	0.839304815730053
1.42142130072331	0.988846232559494	0.147663966729083	0.845521139096544
1.42771077550527	0.989754775312002	0.141246143274564	0.851743262550702
1.43400025028723	0.990622975364055	0.134835327819435	0.857970909310288
1.44028972506919	0.991450876792289	0.128431520363696	0.864203797779341
1.44657919985116	0.99223852367334	0.122034720907347	0.870441641548178
1.45286867463312	0.992985960083842	0.115644929450388	0.876684149393395
1.45915814941508	0.993693230100432	0.109262145992819	0.882931025277866
1.46544762419704	0.994360377799744	0.10288637053464	0.889181968350744
1.471737098979	0.994987447258414	0.0965176030758505	0.895436672947458
1.47802657376096	0.995574482553077	0.0901558436164515	0.901694828589718
1.48431604854293	0.99612152776037	0.0838010921564425	0.907956119985512
1.49060552332489	0.996628626956927	0.0774533486958233	0.914220227029104
1.49689499810685	0.997095824219383	0.0711126132345946	0.920486824801038
1.50318447288881	0.997523163624375	0.0647788857727555	0.926755583568138
1.50947394767077	0.997910689248538	0.0584521663103066	0.933026168783502
1.51576342245273	0.998258445168506	0.0521324548472477	0.93929824108651
1.52205289723469	0.998566475460916	0.0458197513835786	0.94557145630282
1.52834237201666	0.998834824202404	0.0395140559192998	0.951845465444365
1.53463184679862	0.999063535469603	0.0332153684544112	0.95811991470936
1.54092132158058	0.999252653339151	0.0269236889889122	0.964394445482298
1.54721079636254	0.999402221887681	0.0206390175228034	0.970668694333948
1.5535002711445	0.999512285191831	0.0143613540560847	0.976942293021359
1.55978974592646	0.999582887328234	0.00809069858875571	0.983214868487858
1.56607922070843	0.999614072373527	0.00182705112081722	0.989486042863049
1.57236869549039	0.999605884404346	-0.0044295883477317	0.995755433462818
1.57865817027235	0.999558367497324	-0.0106792198168904	1.00202265278932
1.58494764505431	0.999471565729099	-0.0169218432866588	1.00828730853101
1.59123711983627	0.999345523176305	-0.0231574587570376	1.01454900356259
1.59752659461823	0.999180283915577	-0.0293860662280262	1.02080733594507
1.60381606940019	0.998975892023552	-0.0356076656996251	1.02706189892571
1.61010554418216	0.998732391576864	-0.0418222571718334	1.03331228093808
1.61639501896412	0.99844982665215	-0.048029840644652	1.039558065602
1.62268449374608	0.998128241326044	-0.0542304161180807	1.04579883172358
1.62897396852804	0.997767679675182	-0.0604239835921192	1.05203415329522
1.63526344331	0.997368185776199	-0.0666105430667679	1.05826359949557
1.64155291809196	0.996929803705731	-0.0727900945420261	1.06448673468959
1.64784239287393	0.996452577540413	-0.0789626380178946	1.07070311842849
1.65413186765589	0.995936551356882	-0.0851281734943733	1.07691230544979
1.66042134243785	0.995381769231771	-0.0912867009714614	1.08311384567725
1.66671081721981	0.994788275241716	-0.09743822044916	1.08930728422093
1.67300029200177	0.994156113463354	-0.103582731927468	1.09549216137718
1.67928976678373	0.993485327973319	-0.109720235406387	1.10166801262861
1.68557924156569	0.992775962848247	-0.115850730885915	1.1078343686441
1.69186871634766	0.992028062164773	-0.121974218366053	1.11399075527884
1.69815819112962	0.991241669999534	-0.128090697846802	1.12013669357427
1.70444766591158	0.990416830429163	-0.13420016932816	1.12627169975811
1.71073714069354	0.989553587530296	-0.140302632810129	1.13239528524439
1.7170266154755	0.98865198537957	-0.146398088292707	1.13850695663337
1.72331609025746	0.987712068053619	-0.152486535775895	1.14460621571162
1.72960556503943	0.98673387962908	-0.158567975259693	1.15069255945199
1.73589503982139	0.985717464182586	-0.164642406744101	1.15676548001359
1.74218451460335	0.984662865790774	-0.170709830229119	1.16282446474183
1.74847398938531	0.98357012853028	-0.176770245714748	1.16886899616836
1.75476346416727	0.982439296477738	-0.182823653200986	1.17489855201117
1.76105293894923	0.981270413709785	-0.188870052687834	1.18091260517446
1.76734241373119	0.980063524303054	-0.194909444175292	1.18691062374876
1.77363188851316	0.978818672334183	-0.20094182766336	1.19289207101086
1.77992136329512	0.977535901879806	-0.206967203152038	1.19885640542381
1.78621083807708	0.976215257016559	-0.212985570641326	1.20480308063698
1.79250031285904	0.974856781821077	-0.218996930131224	1.21073154548597
1.798789787641	0.973460520369996	-0.225001281621732	1.2166412439927
1.80507926242296	0.972026516739951	-0.23099862511285	1.22253161536535
1.81136873720493	0.970554815007578	-0.236988960604578	1.22840209399837
1.81765821198689	0.969045459249512	-0.242972288096916	1.2342521094725
1.82394768676885	0.967498493542388	-0.248948607589864	1.24008108655477
1.83023716155081	0.965913961962842	-0.254917919083422	1.24588844519845
1.83652663633277	0.964291908587509	-0.26088022257759	1.25167360054312
1.84281611111473	0.962632377493025	-0.266835518072367	1.25743596291465
1.84910558589669	0.960935412756025	-0.272783805567755	1.26317493782514
1.85539506067866	0.959201058453145	-0.278725085063753	1.26888992597302
1.86168453546062	0.95742935866102	-0.284659356560361	1.27458032324296
1.86797401024258	0.955620357456285	-0.290586620057578	1.28024552070593
1.87426348502454	0.953774098915577	-0.296506875555406	1.28588490461918
1.8805529598065	0.951890627115529	-0.302420123053844	1.29149785642622
1.88684243458846	0.949969986132778	-0.308326362552892	1.29708375275685
1.89313190937043	0.94801222004396	-0.314225594052549	1.30264196542715
1.89942138415239	0.94601737292571	-0.320117817552817	1.30817186143947
1.90571085893435	0.943985488854662	-0.326003033053695	1.31367280298245
1.91200033371631	0.941916611907453	-0.331881240555182	1.31914414743101
1.91828980849827	0.939810786160718	-0.33775244005728	1.32458524734632
1.92457928328023	0.937668055691092	-0.343616631559987	1.32999545047586
1.9308687580622	0.935488464575212	-0.349473815063305	1.33537409975338
1.93715823284416	0.933272056889711	-0.355323990567232	1.3407205332989
1.94344770762612	0.931018876711226	-0.36116715807177	1.34603408441872
1.94973718240808	0.928728968116393	-0.367003317576918	1.35131408160543
1.95602665719004	0.926402375181846	-0.372832469082675	1.35655984853789
1.962316131972	0.924039141984221	-0.378654612589043	1.36177070408123
1.96860560675396	0.921639312600153	-0.38446974809602	1.36694596228688
1.97489508153593	0.919202931106278	-0.390277875603607	1.37208493239252
1.98118455631789	0.916730041579232	-0.396078995111805	1.37718691882213
1.98747403109985	0.914220688095649	-0.401873106620612	1.38225122118597
1.99376350588181	0.911674914732166	-0.407660210130029	1.38727713428055
2.00005298066377	0.909092765565417	-0.413440305640057	1.3922639480887
2.00634245544573	0.906474284672039	-0.419213393150694	1.39721094777949
2.0126319302277	0.903819516128666	-0.424979472661941	1.4021174137083
2.01892140500966	0.901128504011933	-0.430738544173798	1.40698262141676
2.02521087979162	0.898401292398477	-0.436490607686266	1.4118058416328
2.03150035457358	0.895637925364934	-0.442235663199343	1.41658634027061
2.03778982935554	0.892838446987937	-0.44797371071303	1.42132337843068
2.0440793041375	0.890002901344123	-0.453704750227327	1.42601621239976
2.05036877891946	0.887131332510127	-0.459428781742234	1.43066409365088
2.05665825370143	0.884223784562584	-0.465145805257752	1.43526626884337
2.06294772848339	0.881280301578131	-0.470855820773879	1.4398219798228
2.06923720326535	0.878300927633402	-0.476558828290616	1.44433046362106
2.07552667804731	0.875285706805033	-0.482254827807963	1.44879095245628
2.08181615282927	0.872234683169659	-0.48794381932592	1.4532026737329
2.08810562761123	0.869147900803916	-0.493625802844487	1.45756485004161
2.0943951023932	0.866025403784439	-0.499300778363664	1.46187669915941
2.10068457717516	0.862867261248913	-0.504956792079148	1.4673136309856
2.10697405195712	0.859673642579227	-0.510581890186634	1.47273058490623
2.11326352673908	0.856444742218315	-0.516176072686125	1.47812733022241
2.11955300152104	0.853180754609116	-0.521739339577618	1.48350363200216
2.125842476303	0.849881874194567	-0.527271690861114	1.48885925108038
2.13213195108496	0.846548295417602	-0.532773126536614	1.49419394405886
2.13842142586693	0.843180212721161	-0.538243646604117	1.49950746330627
2.14471090064889	0.83977782054818	-0.543683251063623	1.50479955695815
2.15100037543085	0.836341313341594	-0.549091939915133	1.51006996891694
2.15728985021281	0.832870885544343	-0.554469713158645	1.51531843885196
2.16357932499477	0.829366731599361	-0.559816570794161	1.52054470219942
2.16986879977673	0.825829045949587	-0.56513251282168	1.52574849016241
2.1761582745587	0.822258023037956	-0.570417539241202	1.53092952971089
2.18244774934066	0.818653857307407	-0.575671650052727	1.53608754358173
2.18873722412262	0.815016743200875	-0.580894845256256	1.54122225027867
2.19502669890458	0.811346875161298	-0.586087124851788	1.54633336407233
2.20131617368654	0.807644447631612	-0.591248488839323	1.55142059500022
2.2076056484685	0.803909655054755	-0.596378937218862	1.55648364886674
2.21389512325046	0.800142691873662	-0.601478469990403	1.56152222724317
2.22018459803243	0.796343752531272	-0.606547087153948	1.56653602746766
2.22647407281439	0.79251303147052	-0.611584788709496	1.57152474264527
2.23276354759635	0.788650723134345	-0.616591574657047	1.57648806164792
2.23905302237831	0.784757021965682	-0.621567444996601	1.58142566911443
2.24534249716027	0.780832122407468	-0.626512399728159	1.58633724545049
2.25163197194223	0.776876218902641	-0.63142643885172	1.5912224668287
2.2579214467242	0.772889505894137	-0.636309562367284	1.59608100518852
2.26421092150616	0.768872177824894	-0.641161770274851	1.60091252823629
2.27050039628812	0.764824429137847	-0.645983062574422	1.60571669944527
2.27678987107008	0.760746454275933	-0.650773439265996	1.61049317805556
2.28307934585204	0.756638447682091	-0.655532900349572	1.61524161907416
2.289368820634	0.752500603799256	-0.660261445825152	1.61996167327498
2.29565829541597	0.748333117070366	-0.664959075692736	1.62465298719878
2.30194777019793	0.744136181938357	-0.669625789952322	1.62931520315322
2.30823724497989	0.739909992846166	-0.674261588603912	1.63394795921283
2.31452671976185	0.73565474423673	-0.678866471647505	1.63855088921905
2.32081619454381	0.731370630552986	-0.683440439083101	1.64312362278018
2.32710566932577	0.72705784623787	-0.687983490910701	1.64766578527142
2.33339514410773	0.72271658573432	-0.692495627130304	1.65217699783484
2.3396846188897	0.718347043485273	-0.696976847741909	1.65665687737941
2.34597409367166	0.713949413933665	-0.701427152745519	1.66110503658097
2.35226356845362	0.709523891522433	-0.705846542141131	1.66552108388226
2.35855304323558	0.705070670694515	-0.710235015928746	1.66990462349287
2.36484251801754	0.700589945892846	-0.714592574108365	1.67425525538933
2.3711319927995	0.696081911560364	-0.718919216679987	1.678572575315
2.37742146758147	0.691546762140005	-0.723214943643612	1.68285617478015
2.38371094236343	0.686984692074708	-0.727479754999241	1.68710564106195
2.39000041714539	0.682395895807407	-0.731713650746873	1.69132055720441
2.39628989192735	0.677780567781041	-0.735916630886507	1.69550050201846
2.40257936670931	0.673138902438546	-0.740088695418145	1.69964505008191
2.40886884149127	0.668471094222858	-0.744229844341787	1.70375377173944
2.41515831627323	0.663777337576917	-0.748340077657431	1.70782623310262
2.4214477910552	0.659057826943656	-0.752419395365079	1.71186199604991
2.42773726583716	0.654312756766014	-0.75646779746473	1.71586061822666
2.43402674061912	0.649542321486928	-0.760485283956384	1.71982165304508
2.44031621540108	0.644746715549333	-0.764471854840042	1.72374464968428
2.44660569018304	0.639926133396168	-0.768427510115702	1.72762915309026
2.452895164965	0.635080769470369	-0.772352249783366	1.73147470397589
2.45918463974697	0.630210818214873	-0.776246073843033	1.73528083882095
2.46547411452893	0.625316474072616	-0.780108982294703	1.73904708987206
2.47176358931089	0.620397931486537	-0.783940975138376	1.74277298514276
2.47805306409285	0.615455384899571	-0.787742052374053	1.74645804841346
2.48434253887481	0.610489028754654	-0.791512214001733	1.75010179923147
2.49063201365677	0.605499057494726	-0.795251460021416	1.75370375291096
2.49692148843873	0.600485665562721	-0.798959790433103	1.75726342053301
2.5032109632207	0.595449047401577	-0.802637205236792	1.76078030894556
2.50950043800266	0.590389397454232	-0.806283704432485	1.76425392076344
2.51578991278462	0.58530691016362	-0.809899288020181	1.76768375436838
2.52207938756658	0.580201779972681	-0.81348395599988	1.77106930390898
2.52836886234854	0.57507420132435	-0.817037708371582	1.77441005930072
2.5346583371305	0.569924368661564	-0.820560545135288	1.77770550622598
2.54094781191247	0.56475247642726	-0.824052466290997	1.78095512613402
2.54723728669443	0.559558719064375	-0.827513471838709	1.78415839624097
2.55352676147639	0.554343291015846	-0.830943561778425	1.78731478952985
2.55981623625835	0.54910638672461	-0.834342736110143	1.79042377475058
2.56610571104031	0.543848200633604	-0.837710994833865	1.79348481641995
2.57239518582227	0.538568927185763	-0.84104833794959	1.79649737482164
2.57868466060423	0.533268760824026	-0.844354765457318	1.7994609060062
2.5849741353862	0.52794789599133	-0.847630277357049	1.80237486179108
2.59126361016816	0.522606527130611	-0.850874873648784	1.80523868976061
2.59755308495012	0.517244848684804	-0.854088554332522	1.80805183326601
2.60384255973208	0.51186305509685	-0.857271319408263	1.81081373142536
2.61013203451404	0.506461340809683	-0.860423168876007	1.81352381912366
2.616421509296	0.50103990026624	-0.863544102735755	1.81618152701277
2.62271098407797	0.495598927909459	-0.866634120987505	1.81878628151143
2.62900045885993	0.490138618182276	-0.869693223631259	1.82133750480529
2.63528993364189	0.484659165527628	-0.872721410667016	1.82383461484686
2.64157940842385	0.479160764388452	-0.875718682094777	1.82627702535555
2.64786888320581	0.473643609207685	-0.87868503791454	1.82866414581763
2.65415835798777	0.468107894428263	-0.881620478126307	1.83099538148629
2.66044783276973	0.462553814493124	-0.884525002730077	1.83327013338158
2.6667373075517	0.456981563845205	-0.88739861172585	1.83548779829043
2.67302678233366	0.451391336927442	-0.890241305113627	1.83764776876667
2.67931625711562	0.445783328182772	-0.893053082893407	1.83974943313102
2.68560573189758	0.440157732054132	-0.895833945065189	1.84179217547105
2.69189520667954	0.434514742984459	-0.898583891628976	1.84377537564125
2.6981846814615	0.428854555416689	-0.901302922584765	1.84569840926297
2.70447415624347	0.423177363793761	-0.903991037932557	1.84756064772447
2.71076363102543	0.41748336255861	-0.906648237672353	1.84936145818086
2.71705310580739	0.411772746154172	-0.909274521804152	1.85110020355417
2.72334258058935	0.406045709023387	-0.911869890327954	1.85277624253329
2.72963205537131	0.40030244560919	-0.91443434324376	1.854388929574
2.73592153015327	0.394543150354517	-0.916967880551568	1.85593761489897
2.74221100493523	0.388768017702306	-0.91947050225138	1.85742164449774
2.7485004797172	0.382977242095494	-0.921942208343195	1.85884036012676
2.75478995449916	0.377171017977017	-0.924382998827014	1.86019309930933
2.76107942928112	0.371349539789814	-0.926792873702835	1.86147919533566
2.76736890406308	0.365513001976818	-0.92917183297066	1.86269797726284
2.77365837884504	0.35966159898097	-0.931519876630488	1.86384876991484
2.779947853627	0.353795525245204	-0.933837004682319	1.8649308938825
2.78623732840897	0.347914975212458	-0.936123217126153	1.86594366552358
2.79252680319093	0.342020143325669	-0.938378513961991	1.8668863969627
2.79881627797289	0.336111233925155	-0.940598174263814	1.86901894924158
2.80510575275485	0.330188490940762	-0.942777477105604	1.8711142920413
2.81139522753681	0.324252168199716	-0.94491642248736	1.87317233425177
2.81768470231877	0.318302519529247	-0.947015010409083	1.8751929830911
2.82397417710073	0.312339798756579	-0.949073240870773	1.87717614410561
2.8302636518827	0.306364259708939	-0.95109111387243	1.87912172116985
2.83655312666466	0.300376156213558	-0.953068629414054	1.88102961648655
2.84284260144662	0.294375742097659	-0.955005787495645	1.88289973058669
2.84913207622858	0.288363271188471	-0.956902588117202	1.88473196232943
2.85542155101054	0.282338997313221	-0.958759031278727	1.88652620890216
2.8617110257925	0.276303174299136	-0.960575116980218	1.88828236582048
2.86800050057447	0.270256055973443	-0.962350845221676	1.8900003269282
2.87428997535643	0.264197896163369	-0.964086216003101	1.89167998439733
2.88057945013839	0.258128948696142	-0.965781229324493	1.89332122872811
2.88686892492035	0.252049467398988	-0.967435885185851	1.89492394874899
2.89315839970231	0.245959706099136	-0.969050183587177	1.89648803161662
2.89944787448427	0.239859918623811	-0.970624124528469	1.89801336281588
2.90573734926624	0.23375035880024	-0.972157708009729	1.89949982615983
2.9120268240482	0.227631280455653	-0.973650934030955	1.90094730378978
2.91831629883016	0.221502937417274	-0.975103802592148	1.90235567617524
2.92460577361212	0.215365583512332	-0.976516313693308	1.90372482211391
2.93089524839408	0.209219472568054	-0.977888467334434	1.90505461873172
2.93718472317604	0.203064858411666	-0.979220263515528	1.90634494148283
2.943474197958	0.196901994870396	-0.980511702236588	1.90759566414958
2.94976367273997	0.190731135771471	-0.981762783497616	1.90880665884253
2.95605314752193	0.184552534942119	-0.98297350729861	1.90997779600047
2.96234262230389	0.178366446209565	-0.984143873639571	1.91110894439038
2.96863209708585	0.172173123401038	-0.985273882520499	1.91219997110746
2.97492157186781	0.165972820343765	-0.986363533941393	1.91325074157513
2.98121104664977	0.159765790864972	-0.987412827902255	1.91426111954501
2.98750052143174	0.153552288791887	-0.988421764403083	1.91523096709695
2.9937899962137	0.147332567951738	-0.989390343443879	1.91616014463898
3.00007947099566	0.14110688217175	-0.990318565024641	1.91704851090736
3.00636894577762	0.134875485279152	-0.99120642914537	1.91789592296659
3.01265842055958	0.12863863110117	-0.992053935806066	1.91870223620933
3.01894789534154	0.122396573465032	-0.992861085006729	1.91946730435648
3.0252373701235	0.116149566197964	-0.993627876747358	1.92019097945716
3.03152684490547	0.109897863127194	-0.994354311027955	1.92087311188868
3.03781631968743	0.10364171807995	-0.995040387848518	1.92151355035658
3.04410579446939	0.0973813848834567	-0.995686107209049	1.9221121418946
3.05039526925135	0.0911171173649439	-0.996291469109546	1.9226687318647
3.05668474403331	0.0848491693516367	-0.996856473550009	1.92318316395706
3.06297421881527	0.0785777946707635	-0.99738112053044	1.92365528019004
3.06926369359724	0.0723032471495514	-0.997865410050838	1.92408492091025
3.0755531683792	0.0660257806152263	-0.998309342111202	1.92447192479248
3.08184264316116	0.0597456488950167	-0.998712916711534	1.92481612883976
3.08813211794312	0.0534631058161492	-0.999076133851832	1.92511736838331
3.09442159272508	0.047178405205851	-0.999398993532097	1.92537547708259
3.10071106750704	0.0408918008913492	-0.999681495752329	1.92559028692522
3.107000542289	0.034603546699871	-0.999923640512528	1.9257616282271
3.11329001707097	0.0283138964586436	-1.00012542781269	1.92588932963228
3.11957949185293	0.0220231039948935	-1.00028685765283	1.92597321811307
3.12586896663489	0.0157314231358493	-1.00040793003293	1.92601311896995
3.13215844141685	0.00943910770873685	-1.00048864495299	1.92600885583165
3.13844791619881	0.00314641154078319	-1.00052900241303	1.92596025065509
3.14473739098077	-0.00314641154078358	-1.00052900241303	1.92586712372541
3.15102686576274	-0.00943910770873676	-1.00048864495299	1.92572929365595
3.1573163405447	-0.0157314231358492	-1.00040793003293	1.92554657738828
3.16360581532666	-0.0220231039948934	-1.00028685765283	1.92531879019217
3.16989529010862	-0.028313896458643	-1.00012542781269	1.9250457456656
3.17618476489058	-0.0346035466998714	-0.999923640512528	1.92472725573478
3.18247423967254	-0.0408918008913491	-0.999681495752329	1.92436313065411
3.1887637144545	-0.0471784052058509	-0.999398993532097	1.9239531790062
3.19505318923647	-0.0534631058161491	-0.999076133851832	1.92349720770191
3.20134266401843	-0.0597456488950166	-0.998712916711534	1.92299502198026
3.20763213880039	-0.0660257806152267	-0.998309342111202	1.92244642540853
3.21392161358235	-0.0723032471495513	-0.997865410050838	1.92185121988217
3.22021108836431	-0.0785777946707634	-0.99738112053044	1.92120920562486
3.22650056314627	-0.0848491693516366	-0.996856473550009	1.92052018118851
3.23279003792824	-0.0911171173649434	-0.996291469109545	1.91978394345321
3.2390795127102	-0.097381384883457	-0.995686107209048	1.91900028762729
3.24536898749216	-0.10364171807995	-0.995040387848518	1.91816900724727
3.25165846227412	-0.109897863127194	-0.994354311027955	1.91728989417789
3.25794793705608	-0.116149566197964	-0.993627876747358	1.91636273861211
3.26423741183804	-0.122396573465031	-0.992861085006729	1.91538732907109
3.27052688662001	-0.12863863110117	-0.992053935806066	1.91436345240421
3.27681636140197	-0.134875485279152	-0.99120642914537	1.91329089378906
3.28310583618393	-0.14110688217175	-0.990318565024641	1.91216943673143
3.28939531096589	-0.147332567951737	-0.989390343443879	1.91099886306535
3.29568478574785	-0.153552288791887	-0.988421764403083	1.90977895295303
3.30197426052981	-0.159765790864972	-0.987412827902255	1.90850948488492
3.30826373531177	-0.165972820343765	-0.986363533941393	1.90719023567966
3.31455321009374	-0.172173123401038	-0.985273882520499	1.90582098048412
3.3208426848757	-0.178366446209565	-0.984143873639571	1.90440149277336
3.32713215965766	-0.184552534942118	-0.98297350729861	1.90293154435067
3.33342163443962	-0.190731135771471	-0.981762783497615	1.90141090534756
3.33971110922158	-0.196901994870396	-0.980511702236588	1.89983934422372
3.34600058400354	-0.203064858411666	-0.979220263515528	1.89821662776708
3.3522900587855	-0.209219472568054	-0.977888467334434	1.89654252109378
3.35857953356747	-0.215365583512333	-0.976516313693307	1.89481678764815
3.36486900834943	-0.221502937417274	-0.975103802592147	1.89303918920276
3.37115848313139	-0.227631280455653	-0.973650934030954	1.89120948585837
3.37744795791335	-0.23375035880024	-0.972157708009728	1.88932743604397
3.38373743269531	-0.23985991862381	-0.970624124528469	1.88739279651675
3.39002690747727	-0.245959706099136	-0.969050183587177	1.8854053223621
3.39631638225924	-0.252049467398988	-0.967435885185851	1.88336476699366
3.4026058570412	-0.258128948696142	-0.965781229324492	1.88127088215325
3.40889533182316	-0.264197896163369	-0.964086216003101	1.87912341791091
3.41518480660512	-0.270256055973442	-0.962350845221676	1.8769221226649
3.42147428138708	-0.276303174299136	-0.960575116980217	1.87466674314167
3.42776375616904	-0.28233899731322	-0.958759031278726	1.87235702439591
3.43405323095101	-0.28836327118847	-0.956902588117202	1.8699927098105
3.44034270573297	-0.294375742097658	-0.955005787495644	1.86757354109655
3.44663218051493	-0.300376156213557	-0.953068629414054	1.86509925829337
3.45292165529689	-0.30636425970894	-0.95109111387243	1.86256959976848
3.45921113007885	-0.312339798756578	-0.949073240870773	1.85998430221763
3.46550060486081	-0.318302519529247	-0.947015010409083	1.85734310066475
3.47179007964277	-0.324252168199716	-0.94491642248736	1.85464572846202
3.47807955442474	-0.330188490940761	-0.942777477105603	1.8518919172898
3.4843690292067	-0.336111233925155	-0.940598174263814	1.84908139715668
3.49065850398866	-0.342020143325669	-0.938378513961991	1.84621389639946
3.49694797877062	-0.347914975212458	-0.936123217126153	1.84404422421905
3.50323745355258	-0.353795525245204	-0.933837004682319	1.84183752171474
3.50952692833454	-0.359661598980969	-0.931519876630488	1.83959387999663
3.51581640311651	-0.365513001976818	-0.92917183297066	1.83731339184661
3.52210587789847	-0.371349539789813	-0.926792873702835	1.83499615171834
3.52839535268043	-0.377171017977017	-0.924382998827014	1.83264225573729
3.53468482746239	-0.382977242095494	-0.921942208343196	1.83025180170072
3.54097430224435	-0.388768017702306	-0.919470502251381	1.82782488907766
3.54726377702631	-0.394543150354517	-0.916967880551569	1.82536161900893
3.55355325180827	-0.400302445609189	-0.91443434324376	1.82286209430716
3.55984272659024	-0.406045709023387	-0.911869890327955	1.82032641945675
3.5661322013722	-0.411772746154172	-0.909274521804153	1.81775470061388
3.57242167615416	-0.417483362558609	-0.906648237672354	1.81514704560654
3.57871115093612	-0.423177363793761	-0.903991037932558	1.8125035639345
3.58500062571808	-0.428854555416689	-0.901302922584765	1.8098243667693
3.59129010050004	-0.434514742984458	-0.898583891628976	1.80710956695429
3.59757957528201	-0.440157732054131	-0.89583394506519	1.8043592790046
3.60386905006397	-0.445783328182771	-0.893053082893407	1.80157361910716
3.61015852484593	-0.451391336927441	-0.890241305113627	1.79875270512066
3.61644799962789	-0.456981563845204	-0.887398611725851	1.7958966565756
3.62273747440985	-0.462553814493124	-0.884525002730078	1.79300559467427
3.62902694919181	-0.468107894428262	-0.881620478126308	1.79007964229074
3.63531642397377	-0.473643609207684	-0.878685037914541	1.78711892397086
3.64160589875574	-0.479160764388451	-0.875718682094777	1.78412356593228
3.6478953735377	-0.484659165527627	-0.872721410667017	1.78109369606444
3.65418484831966	-0.490138618182275	-0.86969322363126	1.77802944392856
3.66047432310162	-0.495598927909458	-0.866634120987506	1.77493094075765
3.66676379788358	-0.501039900266239	-0.863544102735755	1.77179831945651
3.67305327266554	-0.506461340809682	-0.860423168876008	1.76863171460172
3.67934274744751	-0.511863055096849	-0.857271319408264	1.76543126244167
3.68563222222947	-0.517244848684804	-0.854088554332523	1.76219710089651
3.69192169701143	-0.52260652713061	-0.850874873648785	1.7589293695582
3.69821117179339	-0.527947895991329	-0.84763027735705	1.75562820969047
3.70450064657535	-0.533268760824026	-0.844354765457319	1.75229376422885
3.71079012135731	-0.538568927185763	-0.84104833794959	1.74892617778066
3.71707959613927	-0.543848200633603	-0.837710994833865	1.745525596625
3.72336907092124	-0.549106386724609	-0.834342736110144	1.74209216871276
3.7296585457032	-0.554343291015845	-0.830943561778425	1.73862604366661
3.73594802048516	-0.559558719064375	-0.82751347183871	1.73512737278103
3.74223749526712	-0.56475247642726	-0.824052466290998	1.73159630902227
3.74852697004908	-0.569924368661563	-0.820560545135289	1.72803300702838
3.75481644483104	-0.575074201324349	-0.817037708371583	1.72443762310917
3.76110591961301	-0.580201779972681	-0.813483955999881	1.72081031524629
3.76739539439497	-0.58530691016362	-0.809899288020182	1.71715124309312
3.77368486917693	-0.590389397454231	-0.806283704432486	1.71346056797486
3.77997434395889	-0.595449047401577	-0.802637205236793	1.70973845288851
3.78626381874085	-0.600485665562721	-0.798959790433104	1.70598506250282
3.79255329352281	-0.605499057494726	-0.795251460021417	1.70220056315836
3.79884276830477	-0.610489028754654	-0.791512214001734	1.69838512286748
3.80513224308674	-0.61545538489957	-0.787742052374054	1.6945389113143
3.8114217178687	-0.620397931486537	-0.783940975138377	1.69066209985476
3.81771119265066	-0.625316474072616	-0.780108982294704	1.68675486151656
3.82400066743262	-0.630210818214873	-0.776246073843033	1.6828173709992
3.83029014221458	-0.635080769470369	-0.772352249783366	1.67884980467397
3.83657961699654	-0.639926133396168	-0.768427510115703	1.67485234058395
3.84286909177851	-0.644746715549333	-0.764471854840042	1.67082515844399
3.84915856656047	-0.649542321486927	-0.760485283956385	1.66676843964075
3.85544804134243	-0.654312756766014	-0.756467797464731	1.66268236723267
3.86173751612439	-0.659057826943656	-0.75241939536508	1.65856712594997
3.86802699090635	-0.663777337576916	-0.748340077657432	1.65442290219466
3.87431646568831	-0.668471094222858	-0.744229844341788	1.65024988404056
3.88060594047027	-0.673138902438545	-0.740088695418146	1.64604826123326
3.88689541525224	-0.677780567781041	-0.735916630886508	1.64181822519012
3.8931848900342	-0.682395895807407	-0.731713650746873	1.63755996900032
3.89947436481616	-0.686984692074707	-0.727479754999242	1.63327368742481
3.90576383959812	-0.691546762140005	-0.723214943643613	1.62895957689634
3.91205331438008	-0.696081911560364	-0.718919216679988	1.62461783551944
3.91834278916204	-0.700589945892846	-0.714592574108366	1.62024866307042
3.92463226394401	-0.705070670694515	-0.710235015928747	1.6158522609974
3.93092173872597	-0.709523891522433	-0.705846542141132	1.61142883242026
3.93721121350793	-0.713949413933665	-0.70142715274552	1.60697858213069
3.94350068828989	-0.718347043485273	-0.69697684774191	1.60250171659216
3.94979016307185	-0.72271658573432	-0.692495627130304	1.59799844393994
3.95607963785381	-0.72705784623787	-0.687983490910702	1.59346897398106
3.96236911263578	-0.731370630552986	-0.683440439083102	1.58891351819436
3.96865858741774	-0.73565474423673	-0.678866471647506	1.58433228973047
3.9749480621997	-0.739909992846165	-0.674261588603913	1.57972550341179
3.98123753698166	-0.744136181938357	-0.669625789952323	1.57509337573253
3.98752701176362	-0.748333117070366	-0.664959075692737	1.57043612485867
3.99381648654558	-0.752500603799256	-0.660261445825153	1.56575397062799
4.00010596132754	-0.756638447682091	-0.655532900349573	1.56104713455004
4.00639543610951	-0.760746454275933	-0.650773439265997	1.55631583980619
4.01268491089147	-0.764824429137847	-0.645983062574422	1.55156031124956
4.01897438567343	-0.768872177824893	-0.641161770274852	1.54678077540509
4.02526386045539	-0.772889505894137	-0.636309562367285	1.5419774604695
4.03155333523735	-0.776876218902641	-0.63142643885172	1.53715059631127
4.03784281001931	-0.780832122407468	-0.62651239972816	1.53230041447071
4.04413228480128	-0.784757021965682	-0.621567444996602	1.5274271481599
4.05042175958324	-0.788650723134345	-0.616591574657047	1.52253103226269
4.0567112343652	-0.79251303147052	-0.611584788709497	1.51761230333475
4.06300070914716	-0.796343752531271	-0.606547087153949	1.51267119960352
4.06929018392912	-0.800142691873662	-0.601478469990404	1.50770796096823
4.07557965871108	-0.803909655054755	-0.596378937218862	1.5027228289999
4.08186913349304	-0.807644447631612	-0.591248488839324	1.49771604694133
4.08815860827501	-0.811346875161298	-0.586087124851789	1.49268785970712
4.09444808305697	-0.815016743200875	-0.580894845256257	1.48763851388365
4.10073755783893	-0.818653857307406	-0.575671650052729	1.4825682577291
4.10702703262089	-0.822258023037957	-0.570417539241202	1.47747734117342
4.11331650740285	-0.825829045949587	-0.565132512821681	1.47236601581836
4.11960598218481	-0.829366731599361	-0.559816570794162	1.46723453493746
4.12589545696678	-0.832870885544343	-0.554469713158646	1.46208315347603
4.13218493174874	-0.836341313341595	-0.549091939915133	1.45691212805119
4.1384744065307	-0.839777820548179	-0.543683251063624	1.45172171695184
4.14476388131266	-0.843180212721161	-0.538243646604117	1.44651218013866
4.15105335609462	-0.846548295417602	-0.532773126536615	1.44128377924414
4.15734283087658	-0.849881874194566	-0.527271690861116	1.43603677757252
4.16363230565855	-0.853180754609117	-0.521739339577618	1.43077144009987
4.16992178044051	-0.856444742218316	-0.516176072686125	1.42548803347401
4.17621125522247	-0.859673642579227	-0.510581890186635	1.42018682601459
4.18250073000443	-0.862867261248914	-0.504956792079148	1.41486808771301
4.18879020478639	-0.866025403784438	-0.499300778363665	1.40953209023248
4.19507967956835	-0.869147900803916	-0.493625802844487	1.40407540731922
4.20136915435031	-0.872234683169659	-0.48794381932592	1.39859920013741
4.20765862913228	-0.875285706805032	-0.482254827807963	1.39310369938592
4.21394810391424	-0.878300927633401	-0.476558828290617	1.38758913999674
4.2202375786962	-0.881280301578131	-0.470855820773879	1.38205576113496
4.22652705347816	-0.884223784562584	-0.465145805257752	1.37650380619881
4.23281652826012	-0.887131332510126	-0.459428781742235	1.37093352281961
4.23910600304208	-0.890002901344123	-0.453704750227328	1.36534516286181
4.24539547782404	-0.892838446987936	-0.447973710713031	1.35973898242297
4.25168495260601	-0.895637925364933	-0.442235663199344	1.35411524183378
4.25797442738797	-0.898401292398478	-0.436490607686266	1.34847420565803
4.26426390216993	-0.901128504011933	-0.430738544173799	1.34281614269263
4.27055337695189	-0.903819516128665	-0.424979472661942	1.33714132596761
4.27684285173385	-0.906474284672039	-0.419213393150694	1.33145003274611
4.28313232651581	-0.909092765565417	-0.413440305640057	1.32574254452439
4.28942180129778	-0.911674914732166	-0.40766021013003	1.32001914703182
4.29571127607974	-0.914220688095649	-0.401873106620612	1.3142801302309
4.3020007508617	-0.916730041579232	-0.396078995111805	1.30852578831723
4.30829022564366	-0.919202931106278	-0.390277875603608	1.30275641971953
4.31457970042562	-0.921639312600153	-0.38446974809602	1.29697232709964
4.32086917520758	-0.924039141984221	-0.378654612589042	1.29117381735251
4.32715864998954	-0.926402375181845	-0.372832469082675	1.28536120160622
4.33344812477151	-0.928728968116393	-0.367003317576918	1.27953479522195
4.33973759955347	-0.931018876711226	-0.361167158071771	1.27369491779399
4.34602707433543	-0.933272056889711	-0.355323990567233	1.26784189314977
4.35231654911739	-0.935488464575212	-0.349473815063305	1.26197604934982
4.35860602389935	-0.937668055691092	-0.343616631559988	1.25609771868779
4.36489549868131	-0.939810786160718	-0.33775244005728	1.25020723769044
4.37118497346328	-0.941916611907453	-0.331881240555183	1.24430494711764
4.37747444824524	-0.943985488854662	-0.326003033053695	1.23839119196241
4.3837639230272	-0.94601737292571	-0.320117817552817	1.23246632145084
4.39005339780916	-0.94801222004396	-0.314225594052549	1.22653068904217
4.39634287259112	-0.949969986132778	-0.308326362552892	1.22058465242874
4.40263234737308	-0.951890627115529	-0.302420123053845	1.21462857353601
4.40892182215504	-0.953774098915576	-0.296506875555407	1.20866281852255
4.41521129693701	-0.955620357456285	-0.290586620057579	1.20268775778005
4.42150077171897	-0.95742935866102	-0.284659356560361	1.19670376593333
4.42779024650093	-0.959201058453145	-0.278725085063753	1.1907112218403
4.43407972128289	-0.960935412756025	-0.272783805567756	1.184710508592
4.44036919606485	-0.962632377493025	-0.266835518072368	1.17870201351258
4.44665867084681	-0.964291908587509	-0.260880222577589	1.17268612815932
4.45294814562878	-0.965913961962842	-0.254917919083422	1.1666632483226
4.45923762041074	-0.967498493542387	-0.248948607589864	1.16063377402592
4.4655270951927	-0.969045459249512	-0.242972288096916	1.15459810952591
4.47181656997466	-0.970554815007578	-0.236988960604579	1.14855666331228
4.47810604475662	-0.972026516739951	-0.23099862511285	1.1425098481079
4.48439551953858	-0.973460520369996	-0.225001281621732	1.13645808086872
4.49068499432054	-0.974856781821077	-0.218996930131224	1.13040178278383
4.49697446910251	-0.976215257016559	-0.212985570641326	1.12434137927542
4.50326394388447	-0.977535901879806	-0.206967203152038	1.1182772999988
4.50955341866643	-0.978818672334183	-0.20094182766336	1.11220997884241
4.51584289344839	-0.980063524303054	-0.194909444175292	1.10613985392779
4.52213236823035	-0.981270413709784	-0.188870052687834	1.10006736760959
4.52842184301231	-0.982439296477738	-0.182823653200986	1.0939929664756
4.53471131779428	-0.98357012853028	-0.176770245714748	1.0879171013467
4.54100079257624	-0.984662865790775	-0.170709830229119	1.08184022727689
4.5472902673582	-0.985717464182586	-0.164642406744102	1.07576280355331
4.55357974214016	-0.98673387962908	-0.158567975259693	1.0696852936962
4.55986921692212	-0.987712068053619	-0.152486535775895	1.0636081654589
4.56615869170408	-0.98865198537957	-0.146398088292707	1.05753189082788
4.57244816648605	-0.989553587530296	-0.140302632810129	1.05145694602274
4.57873764126801	-0.990416830429163	-0.13420016932816	1.04538381149617
4.58502711604997	-0.991241669999533	-0.128090697846802	1.039312971934
4.59131659083193	-0.992028062164773	-0.121974218366054	1.03324491625515
4.59760606561389	-0.992775962848247	-0.115850730885915	1.02718013761167
4.60389554039585	-0.993485327973319	-0.109720235406387	1.02111913338874
4.61018501517781	-0.994156113463354	-0.103582731927468	1.01506240520462
4.61647448995978	-0.994788275241716	-0.0974382204491603	1.00901045891073
4.62276396474174	-0.995381769231771	-0.0912867009714624	1.00296380459157
4.6290534395237	-0.995936551356881	-0.0851281734943735	0.996922956564762
4.63534291430566	-0.996452577540413	-0.0789626380178947	0.990888433381061
4.64163238908762	-0.996929803705731	-0.0727900945420266	0.984860757824325
4.64792186386958	-0.997368185776199	-0.0666105430667677	0.978840456911527
4.65421133865155	-0.997767679675182	-0.0604239835921197	0.972828061892761
4.66050081343351	-0.998128241326044	-0.0542304161180808	0.966824108251234
4.66679028821547	-0.99844982665215	-0.0480298406446518	0.960829135703268
4.67307976299743	-0.998732391576864	-0.0418222571718337	0.954843688198305
4.67936923777939	-0.998975892023552	-0.0356076656996256	0.948868313918898
4.68565871256135	-0.999180283915577	-0.0293860662280265	0.942903565280717
4.69194818734332	-0.999345523176304	-0.0231574587570375	0.93694999893255
4.69823766212528	-0.999471565729099	-0.0169218432866593	0.9310081757563
4.70452713690724	-0.999558367497324	-0.0106792198168902	0.925078660866984
4.7108166116892	-0.999605884404346	-0.00442958834773194	0.919162023612737
4.71710608647116	-0.999614072373528	0.00182705112081627	0.913258837574808
4.72339556125312	-0.999582887328234	0.00809069858875629	0.907369680567562
4.72968503603508	-0.999512285191831	0.0143613540560846	0.901495134638482
4.73597451081705	-0.999402221887681	0.0206390175228029	0.895635786068166
4.74226398559901	-0.999252653339151	0.0269236889889121	0.889792225370324
4.74855346038097	-0.999063535469603	0.0332153684544105	0.883965047291788
4.75484293516293	-0.998834824202404	0.0395140559192997	0.878154850812502
4.76113240994489	-0.998566475460917	0.045819751383579	0.872362239145525
4.76742188472685	-0.998258445168506	0.0521324548472474	0.866587819737036
4.77371135950881	-0.997910689248538	0.0584521663103058	0.860832204266325
4.78000083429078	-0.997523163624375	0.0647788857727552	0.855096008645801
4.78629030907274	-0.997095824219383	0.0711126132345945	0.849379853020987
4.7925797838547	-0.996628626956926	0.077453348695823	0.843684361770524
4.79886925863666	-0.99612152776037	0.0838010921564424	0.838010163506166
4.80515873341862	-0.995574482553077	0.0901558436164509	0.832357891072786
4.81144820820058	-0.994987447258414	0.0965176030758494	0.826728181548371
4.81773768298255	-0.994360377799744	0.10288637053464	0.821121676244021
4.82402715776451	-0.993693230100431	0.109262145992818	0.815539020703958
4.83031663254647	-0.992985960083842	0.115644929450387	0.809980864705515
4.83660610732843	-0.99223852367334	0.122034720907347	0.804447862259142
4.84289558211039	-0.991450876792289	0.128431520363695	0.798940671608407
4.84918505689235	-0.990622975364055	0.134835327819435	0.79345995522999
4.85547453167432	-0.989754775312002	0.141246143274564	0.78800637983369
4.86176400645628	-0.988846232559494	0.147663966729083	0.782580616362421
4.86805348123824	-0.987897303029896	0.154088798182992	0.777183339992211
4.8743429560202	-0.986907942646573	0.160520637636291	0.771815230132206
4.88063243080216	-0.985878107332889	0.166959485088981	0.766476970424666
4.88692190558412	-0.984807753012208	0.17340534054106	0.761169248744971
4.89321138036608	-0.983696864106271	0.179844610627826	0.754978797678248
4.89950085514805	-0.982545539030315	0.186263701984575	0.748795464020574
4.90579032993001	-0.981353904697955	0.192662614611308	0.742619510113019
4.91207980471197	-0.980122088022804	0.199041348508025	0.736451203110379
4.91836927949393	-0.978850215918475	0.205399903674724	0.730290814981174
4.92465875427589	-0.977538415298583	0.211738280111407	0.724138622507642
4.93094822905785	-0.97618681307674	0.218056477818074	0.717994907285743
4.93723770383982	-0.97479553616656	0.224354496794725	0.71185995572516
4.94352717862178	-0.973364711481657	0.230632337041358	0.705734059049299
4.94981665340374	-0.971894465935645	0.236889998557975	0.699617513295284
4.9561061281857	-0.970384926442137	0.243127481344575	0.693510619313964
4.96239560296766	-0.968836219914746	0.249344785401158	0.687413682769908
4.96868507774962	-0.967248473267086	0.255541910727726	0.681327014141404
4.97497455253158	-0.965621813412771	0.261718857324277	0.67525092872047
4.98126402731355	-0.963956367265414	0.26787562519081	0.669185746612838
4.98755350209551	-0.962252261738629	0.274012214327328	0.663131792737963
4.99384297687747	-0.96050962374603	0.280128624733828	0.657089396829025
5.00013245165943	-0.958728580201229	0.286224856410313	0.651058893432922
5.00642192644139	-0.956909258017841	0.292300909356781	0.645040621910275
5.01271140122335	-0.955051784109479	0.298356783573232	0.639034926435429
5.01900087600531	-0.953156285389757	0.304392479059666	0.633042155996448
5.02529035078728	-0.951222888772288	0.310407995816085	0.627062664395116
5.03157982556924	-0.949251721170686	0.316403333842486	0.621096810246942
5.0378693003512	-0.947242909498564	0.322378493138871	0.615144956981158
5.04415877513316	-0.945196580669536	0.32833347370524	0.609207472840713
5.05044824991512	-0.943112861597216	0.334268275541591	0.603284730882281
5.05673772469708	-0.940991879195217	0.340182898647926	0.597377108976257
5.06302719947905	-0.938833760377152	0.346077343024246	0.591484989806756
5.06931667426101	-0.936638632056636	0.351951608670547	0.585608760871618
5.07560614904297	-0.934406621147282	0.357805695586832	0.579748814482403
5.08189562382493	-0.932137854562703	0.363639603773102	0.57390554776439
5.08818509860689	-0.929832459216513	0.369453333229353	0.568079362656585
5.09447457338885	-0.927490562022326	0.37524688395559	0.562270665911712
5.10076404817082	-0.925112289893754	0.381020255951809	0.556479869096217
5.10705352295278	-0.922697769744413	0.386773449218011	0.55070738859027
5.11334299773474	-0.920247128487915	0.392506463754197	0.544953645587759
5.1196324725167	-0.917760493037873	0.398219299560367	0.539219066096297
5.12592194729866	-0.915237990307901	0.40391195663652	0.533504080937217
5.13221142208062	-0.912679747211614	0.409584434982656	0.527809125745575
5.13850089686258	-0.910085890662625	0.415236734598776	0.522134640970146
5.14479037164455	-0.907456547574546	0.420868855484879	0.51648107187343
5.15107984642651	-0.904791844860992	0.426480797640966	0.510848868531647
5.15736932120847	-0.902091909435576	0.432072561067037	0.505238485834738
5.16365879599043	-0.899356868211913	0.43764414576309	0.499650383486368
5.16994827077239	-0.896586848103614	0.443195551729126	0.494085026003922
5.17623774555435	-0.893781976024295	0.448726778965147	0.488542882718506
5.18252722033631	-0.890942378887568	0.45423782747115	0.483024427774949
5.18881669511828	-0.888068183607047	0.459728697247138	0.477530140131802
5.19510616990024	-0.885159517096346	0.465199388293109	0.472060503561336
5.2013956446822	-0.882216506269078	0.470649900609063	0.466616006649547
5.20768511946416	-0.879239278038857	0.476080234195001	0.461197142796147
5.21397459424612	-0.876227959319296	0.481490389050921	0.455804410214577
5.22026406902808	-0.873182677024009	0.486880365176826	0.450438311931992
5.22655354381005	-0.870103558066611	0.492250162572713	0.445099355789276
5.23284301859201	-0.866990729360712	0.497599781238585	0.439788054441029
5.23913249337397	-0.863844317819929	0.502929221174439	0.434504925355576
5.24542196815593	-0.860664450357874	0.508238482380278	0.429250490814961
5.25171144293789	-0.85745125388816	0.5135275648561	0.424025277914954
5.25800091771985	-0.854204855324402	0.518796468601904	0.418829818565042
5.26429039250182	-0.850925381580213	0.524045193617693	0.413664649488436
5.27057986728378	-0.847612959569207	0.529273739903464	0.408530312222069
5.27686934206574	-0.844267716204997	0.534482107459219	0.403427353116595
5.2831588168477	-0.840889778401196	0.539670296284958	0.398356323336389
5.28944829162966	-0.837479273071419	0.544838306380681	0.393317778859549
5.29573776641162	-0.834036327129278	0.549986137746386	0.388312280477895
5.30202724119358	-0.830561067488388	0.555113790382075	0.383340393796966
5.30831671597555	-0.827053621062361	0.560221264287748	0.378402689236027
5.31460619075751	-0.823514114764813	0.565308559463404	0.37349974202806
5.32089566553947	-0.819942675509355	0.570375675909043	0.368632132219772
5.32718514032143	-0.816339430209602	0.575422613624666	0.363800444671591
5.33347461510339	-0.812704505779168	0.580449372610271	0.359005269057666
5.33976408988535	-0.809038029131665	0.585455952865861	0.354247199865867
5.34605356466732	-0.805340127180707	0.590442354391435	0.349526836397788
5.35234303944928	-0.801610926839909	0.595408577186991	0.344844782768743
5.35863251423124	-0.797850555022883	0.600354621252531	0.340201647907769
5.3649219890132	-0.794059138643243	0.605280486588054	0.335598045557622
5.37121146379516	-0.790236804614603	0.610186173193561	0.331034594274783
5.37750093857712	-0.786383679850575	0.615071681069051	0.326511917429452
5.38379041335909	-0.782499891264775	0.619937010214525	0.322030643205554
5.39007988814105	-0.778585565770816	0.624782160629981	0.317591404600732
5.39636936292301	-0.77464083028231	0.629607132315422	0.313194839426352
5.40265883770497	-0.770665811712871	0.634411925270846	0.308841590307502
5.40894831248693	-0.766660636976115	0.639196539496253	0.304532304682994
5.41523778726889	-0.762625432985652	0.643960974991644	0.300267634805356
5.42152726205085	-0.758560326655098	0.648705231757018	0.296048237740843
5.42781673683282	-0.754465444898066	0.653429309792375	0.29187477536943
5.43410621161478	-0.750340914628168	0.658133209097717	0.287747914384812
5.44039568639674	-0.74618686275902	0.662816929673042	0.283668326294409
5.4466851611787	-0.742003416204235	0.667480471518349	0.279636687419359
5.45297463596066	-0.737790701877425	0.672123834633641	0.275653678894525
5.45926411074262	-0.733548846692205	0.676747019018915	0.271719986668489
5.46555358552459	-0.729277977562189	0.681350024674173	0.267836301503557
5.47184306030655	-0.724978221400989	0.685932851599416	0.264003318975755
5.47813253508851	-0.72064970512222	0.69049549979464	0.260221739474832
5.48442200987047	-0.716292555639494	0.695037969259848	0.256492268204257
5.49071148465243	-0.711906899866426	0.699560259995041	0.252815615181222
5.49700095943439	-0.707492864716629	0.704062372000216	0.249192495236641
5.50329043421635	-0.703050577103718	0.708544305275375	0.245623628015149
5.50957990899832	-0.698580163941303	0.713006059820517	0.242109737975102
5.51586938378028	-0.694081752143001	0.717447635635643	0.23865155438858
5.52215885856224	-0.689555468622425	0.721869032720751	0.235249811341381
5.5284483333442	-0.685001440293186	0.726270251075845	0.231905247733028
5.53473780812616	-0.680419794068902	0.73065129070092	0.228618607276766
5.54102728290812	-0.675810656863183	0.735012151595979	0.225390638499558
5.54731675769009	-0.671174155589643	0.739352833761022	0.222222094742092
5.55360623247205	-0.666510417161897	0.743673337196048	0.219113734158776
5.55989570725401	-0.661819568493557	0.747973661901058	0.216066319717742
5.56618518203597	-0.657101736498238	0.752253807876052	0.21308061920084
5.57247465681793	-0.652357048089554	0.756513775121028	0.210157405203645
5.57876413159989	-0.647585630181116	0.760753563635987	0.207297455135452
5.58505360638185	-0.642787609686539	0.764973173420931	0.204501551219278
5.59134308116382	-0.637963132120431	0.769163732037173	0.200473912852412
5.59763255594578	-0.633112417401369	0.773316367046028	0.196476703257394
5.60392203072774	-0.628235704048926	0.777431078447496	0.192510093665198
5.6102115055097	-0.623333230582676	0.781507866241577	0.188574258448735
5.61650098029166	-0.618405235522189	0.785546730428271	0.184669375122845
5.62279045507362	-0.613451957387038	0.78954767100758	0.180795624344304
5.62907992985559	-0.608473634696796	0.7935106879795	0.176953189911825
5.63536940463755	-0.603470505971034	0.797435781344034	0.17314225876605
5.64165887941951	-0.598442809729326	0.801322951101181	0.169363020989556
5.64794835420147	-0.593390784491243	0.805172197250942	0.165615669806855
5.65423782898343	-0.588314668776357	0.808983519793316	0.161900401584391
5.66052730376539	-0.583214701104241	0.812756918728303	0.158217415830543
5.66681677854735	-0.578091119994468	0.816492394055902	0.154566915195623
5.67310625332932	-0.57294416396661	0.820189945776115	0.150949105471877
5.67939572811128	-0.567774071540238	0.823849573888942	0.147364195593484
5.68568520289324	-0.562581081234925	0.827471278394382	0.143812397636558
5.6919746776752	-0.557365431570244	0.831055059292435	0.140293926819145
5.69826415245716	-0.552127361065766	0.834600916583101	0.136809001501227
5.70455362723912	-0.546867108241065	0.83810885026638	0.133357843184717
5.71084310202109	-0.541584911615712	0.841578860342272	0.129940676513464
5.71713257680305	-0.53628100970928	0.845010946810778	0.126557729273249
5.72342205158501	-0.530955641041341	0.848405109671897	0.123209232391788
5.72971152636697	-0.525609044131467	0.851761348925629	0.11989541993873
5.73600100114893	-0.52024145749923	0.855079664571974	0.116616529125657
5.74229047593089	-0.514853119664203	0.858360056610933	0.113372800306087
5.74857995071285	-0.509444269145959	0.861602525042504	0.110164476975469
5.75486942549482	-0.504015144464069	0.864807069866689	0.106991805771187
5.76115890027678	-0.498565984138106	0.867973691083487	0.10385503647256
5.76744837505874	-0.493097026687643	0.871102388692898	0.100754422000837
5.7737378498407	-0.487608510632249	0.874193162694923	0.0976902184192039
5.78002732462266	-0.4821006744915	0.87724601308956	0.0946626849327803
5.78631679940462	-0.476573756784967	0.880260939876811	0.0916720838886178
5.79260627418659	-0.471027996032222	0.883237943056675	0.088718680775702
5.79889574896855	-0.465463630752839	0.886177022629152	0.0858027442249537
5.80518522375051	-0.459880899466387	0.889078178594243	0.0829245460092252
5.81147469853247	-0.45428004069244	0.891941410951947	0.0800843610433043
5.81776417331443	-0.448661292950572	0.894766719702263	0.0772824673839122
5.82405364809639	-0.443024894760354	0.897554104845193	0.0745191462297029
5.83034312287835	-0.437371084641356	0.900303566380736	0.0717946819212644
5.83663259766032	-0.431700101113154	0.903015104308893	0.0691093619411189
5.84292207244228	-0.426012182695318	0.905688718629662	0.0664634769137224
5.84921154722424	-0.420307567907421	0.908324409343045	0.0638573206054635
5.8555010220062	-0.414586495269036	0.910922176449041	0.0612911899246659
5.86179049678816	-0.408849203299734	0.91348201994765	0.0587653849215856
5.86807997157012	-0.403095930519087	0.916003939838873	0.0562802087884133
5.87436944635209	-0.39732691544667	0.918487936122708	0.0538359678592734
5.88065892113405	-0.391542396602053	0.920934008799157	0.0514329716102235
5.88694839591601	-0.385742612504808	0.923342157868219	0.0490715326592546
5.89323787069797	-0.379927801674509	0.925712383329894	0.0467519667662925
5.89952734547993	-0.374098202630726	0.928044685184183	0.0444745928331956
5.90581682026189	-0.368254053893034	0.930339063431084	0.0422397329037565
5.91210629504385	-0.362395593981003	0.932595518070599	0.040047712163702
5.91839576982582	-0.356523061414207	0.934814049102727	0.0378988589406913
5.92468524460778	-0.350636694712218	0.936994656527468	0.0357935047043187
5.93097471938974	-0.344736732394606	0.939137340344822	0.033731984066111
5.9372641941717	-0.338823412980947	0.94124210055479	0.0317146347795297
5.94355366895366	-0.332896974990811	0.943308937157371	0.0297417977399689
5.94984314373562	-0.326957656943771	0.945337850152564	0.0278138169847577
5.95613261851759	-0.321005697359399	0.947328839540372	0.0259310396931576
5.96242209329955	-0.315041334757266	0.949281905320792	0.0240938161863647
5.96871156808151	-0.309064807656948	0.951197047493826	0.0223024999275088
5.97500104286347	-0.303076354578013	0.953074266059473	0.0205574475216526
5.98129051764543	-0.297076214040037	0.954913561017732	0.0188590187157933
5.98757999242739	-0.29106462456259	0.956714932368605	0.0172075763988614
5.99386946720935	-0.285041824665244	0.958478380112092	0.015603486601721
6.00015894199132	-0.279008052867572	0.960203904248192	0.0140471184971701
6.00644841677328	-0.272963547689148	0.961891504776904	0.0125388443999407
6.01273789155524	-0.266908547649542	0.96354118169823	0.0110790397666977
6.0190273663372	-0.260843291268327	0.965152935012169	0.00966808319604073
6.02531684111916	-0.254768017065076	0.966726764718722	0.00830635642850194
6.03160631590112	-0.248682963559359	0.968262670817887	0.00699424434654805
6.03789579068309	-0.242588369270752	0.969760653309666	0.00573213497457936
6.04418526546505	-0.236484472718825	0.971220712194058	0.00452041947892953
6.05047474024701	-0.23037151242315	0.972642847471063	0.00335949216786591
6.05676421502897	-0.224249726903299	0.974027059140681	0.0022497504915899
6.06305368981093	-0.218119354678847	0.975373347202912	0.00119159504223657
6.06934316459289	-0.211980634269363	0.976681711657757	0.000185429553874211
6.07563263937485	-0.205833804194422	0.977952152505215	-0.000768339097494575
6.08192211415682	-0.199679102973595	0.979184669745286	-0.00166930089393391
6.08821158893878	-0.193516769126453	0.980379263377971	-0.00251704267557443
6.09450106372074	-0.187347041172571	0.981535933403268	-0.00331114814061212
6.1007905385027	-0.18117015763152	0.982654679821179	-0.00405119784531027
6.10708001328466	-0.174986357022871	0.983735502631703	-0.0047367692039981
6.11336948806662	-0.168795877866198	0.98477840183484	-0.00536743648907112
6.11965896284859	-0.162598958681074	0.98578337743059	-0.00594277083099098
6.12594843763055	-0.156395837987069	0.986750429418954	-0.00646234021828612
6.13223791241251	-0.150186754303758	0.98767955779993	-0.00692570949755075
6.13852738719447	-0.143971946150711	0.98857076257352	-0.00733244037344571
6.14481686197643	-0.137751652047501	0.989424043739723	-0.00768209140869811
6.15110633675839	-0.1315261105137	0.990239401298539	-0.00797421802410125
6.15739581154036	-0.125295560068881	0.991016835249969	-0.00820837249851478
6.16368528632232	-0.119060239232616	0.991756345594011	-0.00838410396886474
6.16997476110428	-0.112820386524478	0.992457932330667	-0.0085009584301434
6.17626423588624	-0.106576240464037	0.993121595459936	-0.00855847873540921
6.1825537106682	-0.100328039570868	0.993747334981819	-0.00855620459578726
6.18884318545016	-0.0940760223645421	0.994335150896314	-0.00849367258046863
6.19513266023212	-0.0878204273646321	0.994885043203423	-0.00837041611671085
6.20142213501409	-0.081561493090709	0.995397011903145	-0.00818596548983766
6.20771160979605	-0.075299458062346	0.99587105699548	-0.00793984784323931
6.21400108457801	-0.0690345607991162	0.996307178480428	-0.00763158717837217
6.22029055935997	-0.0627670398205903	0.996705376357989	-0.00726070435475892
6.22658003414193	-0.0564971336463422	0.997065650628164	-0.00682671708998858
6.23286950892389	-0.0502250807959435	0.997388001290952	-0.00632913995971662
6.23915898370586	-0.0439511197889646	0.997672428346353	-0.00576748439766445
6.24544845848782	-0.0376754891449813	0.997918931794367	-0.00514125869562021
6.25173793326978	-0.0313984273835643	0.998127511634994	-0.00444996800343817
6.25802740805174	-0.0251201730242849	0.998298167868235	-0.00369311432903868
6.2643168828337	-0.0188409645867171	0.998430900494089	-0.00287019653840884
6.27060635761566	-0.0125610405904316	0.998525709512556	-0.00198071035560154
6.27689583239763	-0.00628063955500138	0.998582594923636	-0.00102414836273651
6.28318530717959	1.59594559789866E-16	0.99860155672733	4.71844785465692E-16
