0	-0.97000436	0.24308753	0	0	0.97000436	-0.24308753
0.0201469886921086	-0.960363494897106	0.251733900004725	-0.0187895803699657	-0.0174162109134248	0.979153075267072	-0.2343176890913
0.0403911148724416	-0.950167062407624	0.260279773505365	-0.0376965833622118	-0.0348824432770252	0.987863645769835	-0.22539733022834
0.0606239144549893	-0.939453258477158	0.268658756637257	-0.0566465615823842	-0.0522705856555822	0.996099820059542	-0.216388170981674
0.0806681977142268	-0.928311065292209	0.276778637218816	-0.0754984509975473	-0.0693952445567056	1.00380951628976	-0.20738339266211
0.103267719081633	-0.915103106568615	0.285688740351151	-0.0968780214376113	-0.0885387736920074	1.01198112800623	-0.197149966659143
0.125480935911039	-0.901439695909611	0.294160127873511	-0.118051860326659	-0.107138611067955	1.01949155623627	-0.187021516805556
0.14727454635973	-0.887365113040614	0.30215958045978	-0.139008379076886	-0.125130919849887	1.0263734921175	-0.177028660609893
0.168641333187761	-0.872912284671698	0.309665749421403	-0.159754788928995	-0.142478245725846	1.03266707360069	-0.167187503695556
0.18959720212265	-0.858100901859994	0.316666702407772	-0.180315419675706	-0.159165581796511	1.0384163215357	-0.157501120611261
0.210177750901222	-0.842936442277712	0.323157103941108	-0.200729773785201	-0.175195723777893	1.04366621606291	-0.147961380163215
0.230435266614647	-0.827409563836262	0.329135423496271	-0.221050983685718	-0.190584794183836	1.04846054752198	-0.138550629312434
0.250436740273495	-0.811495342412557	0.334601346993074	-0.241345145066777	-0.205358435573237	1.05284048747933	-0.129242911419837
0.272733920205546	-0.79307589715749	0.34013606565137	-0.264243481588891	-0.221283470243022	1.05731937874638	-0.118852595408347
0.294949050296284	-0.774022744894693	0.345012644568958	-0.287346370385098	-0.23652320167976	1.06136911527979	-0.108489442889199
0.317252353011223	-0.754205569301238	0.349213104236751	-0.310825181637177	-0.251135751476283	1.06503075093842	-0.0980773527604678
0.337324217269685	-0.73579953049123	0.352351844880102	-0.33218798114406	-0.263649354597536	1.06798751163529	-0.0887024902825657
0.357832230095308	-0.716456385468493	0.354888206739512	-0.354227534731717	-0.275767060088881	1.07068392020021	-0.0791211466506313
0.379045650768941	-0.695904822329232	0.356755155119815	-0.37722924639106	-0.287546571831395	1.07313406872029	-0.0692085832884192
0.401291593317601	-0.673797346290009	0.35783976511977	-0.40154200306164	-0.29902696205524	1.07533934935165	-0.0588128030645302
0.423213112619064	-0.651500227676511	0.357989936767923	-0.425653061589992	-0.309421318571053	1.0771532892665	-0.0485686181968697
0.444021369204343	-0.629910720133187	0.357252942987651	-0.448638759739233	-0.318407885131429	1.07854947987242	-0.0388450578562223
0.464023920025705	-0.608811440624253	0.355709681821191	-0.470784247771312	-0.326211177020221	1.07959568839557	-0.0294985048009706
0.485893394080122	-0.585408253000437	0.353061252983041	-0.495001980238002	-0.333781084867998	1.08041023323844	-0.0192801681150429
0.507382396241029	-0.562129310567069	0.349462342239699	-0.518748160745832	-0.340222285090825	1.0808774713129	-0.00924005714887391
0.528752846948134	-0.538760337988817	0.344892297868852	-0.542255456406397	-0.345636728845336	1.08101579439522	0.000744430976483974
0.550123904040167	-0.51523259214883	0.339330371369955	-0.565596418798003	-0.350059592864982	1.08082901094683	0.0107292214950277
0.571506204347722	-0.491593447926622	0.332777334840502	-0.588722854923815	-0.353496867037333	1.08031630285044	0.020719532196831
0.593130366111579	-0.46764494547558	0.325157246821808	-0.6118201121305	-0.35598056978142	1.07946505760608	0.0308233229596123
0.615263802080454	-0.443147586358237	0.316344670163571	-0.635097449848099	-0.357510351775511	1.07824503620634	0.0411656816119408
0.635619701614791	-0.420679269115298	0.307360122027217	-0.656129611127873	-0.35803808480131	1.07680888024317	0.0506779627740931
0.656910340318642	-0.397286970830247	0.297092523551927	-0.677694278032978	-0.357719892540625	1.07498124886322	0.0606273689886985
0.679239486077217	-0.372915328880598	0.285408169373016	-0.699786847008173	-0.356470128325337	1.07270217588877	0.0710619589523217
0.700896378303882	-0.349472508209828	0.273224696427704	-0.720659324257675	-0.354406190982452	1.0701318324675	0.0811814945547487
0.721671013339743	-0.327193017916497	0.260794842030742	-0.740134287502823	-0.351681733693247	1.06732730541932	0.0908868916625051
0.741885782262923	-0.305729444019892	0.248044762901708	-0.758544326882407	-0.348372413395971	1.0642737709023	0.100327650494263
0.764248398802682	-0.282249357814347	0.233238780228862	-0.778265627756973	-0.344004752581217	1.06051498557132	0.110765972352354
0.786443268262476	-0.259230309628237	0.217871589045417	-0.797149390858535	-0.338989151517048	1.05637970048677	0.121117562471631
0.808656894431553	-0.236480279023213	0.201878823906328	-0.815346640254697	-0.333344868143767	1.05182691927791	0.131466044237439
0.831037986323093	-0.213848426902011	0.185204138285108	-0.832961158132974	-0.327080395493669	1.04680958503498	0.141876257208561
0.851171441384437	-0.193731183954383	0.16977052820843	-0.848185794855145	-0.320993284760438	1.04191697880953	0.151222756552008
0.871603228461074	-0.173539663325911	0.153732738209083	-0.863034858966505	-0.314418010053799	1.03657452229242	0.160685271844716
0.892389304603889	-0.153215413043776	0.137072234478681	-0.877522997343169	-0.307355206939894	1.03073841038694	0.170282972461213
0.913570548543974	-0.132712311786724	0.119782164663526	-0.891650784622388	-0.299808396643024	1.02436309640911	0.180026231979498
0.935170446968503	-0.111997553767325	0.101871174177091	-0.905405492211601	-0.291786418465235	1.01740304597893	0.189915244288145
0.95719204327345	-0.0910533396439578	0.0833676539861346	-0.918761909200476	-0.283305989499152	1.00981524884443	0.199938335513017
0.979614793603896	-0.0698787980187236	0.0643238096511149	-0.931683679256204	-0.274394146044146	1.00156247727493	0.210070336393031
1.00239226897104	-0.0484914664338688	0.0448185966374703	-0.944125591281752	-0.265090127467854	0.992617057715619	0.220271530830383
1.02255706973624	-0.0296309894328201	0.0274560077363505	-0.954578954731984	-0.256668119435094	0.984209944164803	0.229212111698744
1.04287467862313	-0.0106699179214998	0.00990804005755447	-0.964591850396214	-0.248028186383988	0.975261768317713	0.238120146326433
1.06327095921732	0.00834913735716585	-0.00772740197996134	-0.974132387387464	-0.239218455878161	0.965783250030297	0.246945857858123
1.08366588536787	0.0273790824586826	-0.0253463595767273	-0.98317402642471	-0.230290261321457	0.955794943966026	0.255636620898185
1.10397919301163	0.0463722725617626	-0.0428448324850159	-0.991697969397506	-0.221295205671702	0.945325696835742	0.264140038156718
1.1241361340486	0.0652845661405769	-0.0601248666037479	-0.999694702928218	-0.212282093476769	0.93441013678764	0.272406960080517
1.14689935032953	0.0867524152419353	-0.0794954308625911	-1.00818901524426	-0.202014485208875	0.921436600002323	0.281509916071466
1.16930154779934	0.108026731245938	-0.098362455096155	-1.01601029535958	-0.191832074400622	0.907983564113637	0.290194529496777
1.19129644385531	0.129086706266623	-0.116648718437965	-1.02318637223532	-0.18177262733854	0.8940996659687	0.298421345776505
1.212864735364	0.14993078528513	-0.134304649368142	-1.02975432529935	-0.171858999309019	0.87982354001422	0.306163648677161
1.23401177300038	0.170575410906625	-0.151305148573641	-1.03575674687014	-0.162100233386728	0.86518133596351	0.31340538196037
1.25476422146853	0.191053107429054	-0.167645148280818	-1.04123848260854	-0.152493292701757	0.850185375179487	0.320138440982576
1.27516676120757	0.211410675686816	-0.183334970868289	-1.04624411218919	-0.143024861869822	0.83483343650237	0.326359832738111
1.29527956180961	0.231708060246753	-0.198396163128456	-1.05081619309027	-0.133672818310731	0.819108132843521	0.332068981439187
1.31765328281773	0.254562151571064	-0.214625438551435	-1.05549050761694	-0.123253180177822	0.800928356045876	0.337878618729258
1.3398828130235	0.277559016200037	-0.230146384246178	-1.05971633954408	-0.112887956437809	0.782157323344042	0.343034340683987
1.36212393449546	0.300854299115123	-0.245014941314354	-1.06353758806715	-0.102508237831506	0.762683288952025	0.347523179145861
1.38457056976736	0.324645418306078	-0.259292208477929	-1.06699136983767	-0.0920263275391311	0.742345951531596	0.351318536017061
1.40489771298629	0.346418944613976	-0.271541076457424	-1.06977736820549	-0.0825306581781475	0.723358423591518	0.354071734635572
1.42582485854164	0.369042486092567	-0.283430207415804	-1.07231285757126	-0.0727526768347239	0.703270371478687	0.356182884250528
1.44769443238884	0.392881790938875	-0.295026101385691	-1.07460799432615	-0.0625333053959898	0.681726203387271	0.357559406781681
1.46998211758602	0.417346952885239	-0.305925414040904	-1.07658006177626	-0.0521183121347776	0.659233108891017	0.358043726175683
1.49114755052195	0.440698279374004	-0.315378192560112	-1.07811458268317	-0.0422280211147778	0.637416303309168	0.357606213674891
1.51139723400565	0.463105575371656	-0.323572932465448	-1.07927770114534	-0.032766124376181	0.616172125773679	0.35633905684163
1.53344257279701	0.487522871693732	-0.331522732875262	-1.08020783950944	-0.0224657750040522	0.592684967815704	0.353988507879315
1.55501888312855	0.51138835805939	-0.338301428168302	-1.08078113127818	-0.0123850746851895	0.569392773218788	0.350686502853492
1.57639735307299	0.534945301033068	-0.344026724346872	-1.08102171591498	-0.00239710691771458	0.546076414881908	0.346423831264588
1.59777576757392	0.558353668799545	-0.348759661623413	-1.08093694664443	0.00759078110632426	0.522583277844884	0.341168880517089
1.61913134121856	0.581529149108353	-0.352498964410463	-1.08052722942498	0.0175681975971995	0.498998080316624	0.334930766813264
1.64065095648037	0.604612615235608	-0.355277562897653	-1.07978473620934	0.0276226795626036	0.475172120973729	0.32765488333505
1.66259261965746	0.627809061248788	-0.357106383223286	-1.07868509735541	0.0378749403784647	0.450876036106619	0.319231442844822
1.6826895487438	0.648704081546652	-0.357913942281815	-1.0773720328595	0.0472657861148509	0.428667951312849	0.310648156166965
1.70361262703492	0.670054071697436	-0.357901448750202	-1.07569115081654	0.0570430837506724	0.405637079119102	0.300858364999531
1.72568530550021	0.692082554134278	-0.356981326446479	-1.07356663834259	0.0673576692320843	0.381484084208315	0.289623657214396
1.74771152848845	0.713513324707433	-0.355178253332726	-1.07108173530903	0.07764995136093	0.357568410601601	0.277528301971798
1.76875330733681	0.733435080101736	-0.352674293318856	-1.06836169816468	0.0874807130387614	0.334926618062946	0.265193580280096
1.78913185801025	0.752187219411055	-0.349563709144977	-1.06539896527595	0.0969989860383602	0.313211745864895	0.252564723106618
1.8115912943189	0.772210115999629	-0.345404390053423	-1.0617516578463	0.107484333633519	0.289541541846671	0.237920056419905
1.83381422278818	0.791335513897359	-0.340588029944049	-1.05773950229086	0.117851748906408	0.266403988393498	0.222736281037642
1.85600248734564	0.809733236890962	-0.335138445840951	-1.05332338606334	0.128192314709666	0.243590149172378	0.206946131131286
1.87831512822094	0.827520107352756	-0.329066917209469	-1.04845815954385	0.138576082622387	0.220938052191099	0.190490834587084
1.89835795969577	0.842882391102009	-0.323151054133677	-1.04371522533399	0.147886910250457	0.200832834231978	0.175264143883222
1.91867621811848	0.857860529973686	-0.31674707240356	-1.03853727777044	0.157305157568106	0.180676747796759	0.159441914835456
1.93933084085892	0.872474371852669	-0.309855115009244	-1.03288141378369	0.166852866114983	0.160407041931017	0.143002248894263
1.960368251922	0.886729352001042	-0.30247740052932	-1.02670252871802	0.176543653601629	0.139973176716982	0.125933746927693
1.98181841583297	0.900617351153681	-0.29462058516274	-1.01995482479769	0.186381498701788	0.119337473644009	0.108239086460953
2.00369198562445	0.914117444035664	-0.286298296044502	-1.01259404778636	0.196359125417176	0.0984766037506953	0.0899391706273272
2.02597709779859	0.927196999613109	-0.277533655277345	-1.00458049455452	0.206456301681306	0.0773834949414161	0.0710773535960408
2.04863664806243	0.939813589070241	-0.268361423310704	-0.995882648329514	0.216638515554365	0.0560690592592734	0.0517229077563408
2.0687216322537	0.950434778425587	-0.260038482847	-0.98769501387038	0.225579417627203	0.0372602354447939	0.034459065219798
2.08898680271458	0.960629311828659	-0.25147958589694	-0.978964799921071	0.234506537895588	0.0183354880924129	0.0169730480013537
2.10936180999415	0.970363921003586	-0.242730854166144	-0.969698562468895	0.243372035899545	-0.000665358534690131	-0.000641181733399201
2.12976835637816	0.979609570294694	-0.233842660148268	-0.959912992198541	0.252124073068218	-0.0196965780961535	-0.0182814129199491
2.15012555465547	0.988344082241007	-0.224866877733126	-0.949633830172112	0.260709771631641	-0.0387102520688946	-0.0358428938985126
2.17035575331669	0.99655406235174	-0.215853806808168	-0.93889371022556	0.269078319178195	-0.0576603521261796	-0.0532245123700255
2.19038991999078	1.00423581958089	-0.206849260556676	-0.927729253406075	0.277183720561645	-0.0765065661748119	-0.0703344600049667
2.21297459868117	1.01237607287342	-0.196618460998983	-0.914498215020533	0.286074902905412	-0.0978778578528864	-0.0894564419064278
2.23517085814179	1.01985639789442	-0.186494417473464	-0.900813871768266	0.294525509682396	-0.119042526126155	-0.108031092208929
2.25694665211626	1.02670991965301	-0.176507051452419	-0.886720035791256	0.302502908564982	-0.139989883861758	-0.125995857112561
2.27829590979461	1.0329770343516	-0.166671823632675	-0.872249051870469	0.309986240238476	-0.160727982481129	-0.1433144166058
2.29923553210755	1.03870186942759	-0.156991242138378	-0.857419964311586	0.316963936529656	-0.181281905116002	-0.159972694391276
2.31980196259837	1.04392939416274	-0.147456691284156	-0.842237568009204	0.323430894416351	-0.201691826153535	-0.175974203132193
2.34004822073218	1.04870330589438	-0.138050100202078	-0.826691805689082	0.329385690432201	-0.222011500205299	-0.191335590230121
2.36252735533938	1.05358269731525	-0.127587545296114	-0.808735846777984	0.335472206555549	-0.244846850537271	-0.207884661259433
2.38480513919367	1.05799287843486	-0.117204139404369	-0.790224312889117	0.340907454058519	-0.267768565545742	-0.223703314654148
2.40702474765412	1.06198055953443	-0.106837358640962	-0.771061833320502	0.345682511898877	-0.290918726213925	-0.238845153257913
2.42936223179888	1.0655857560972	-0.0964082293847121	-0.7511106786781	0.349777316381246	-0.314475077419097	-0.253369086996531
2.44949649371479	1.06849619006131	-0.0870035641080123	-0.732556170073361	0.352816048769035	-0.335940019987952	-0.26581248466102
2.4701073241646	1.07114902517202	-0.0773737533960749	-0.713024703685701	0.355242928379575	-0.358124321486319	-0.277869174983498
2.49148090250639	1.07355736245435	-0.0673861084555899	-0.692225397397576	0.356984970396528	-0.381331965056776	-0.289598861940936
2.51383795423867	1.07570932022953	-0.0569383195822474	-0.669914498611558	0.357916260332053	-0.405794821617968	-0.300977940749803
2.53555531697788	1.07744548675203	-0.0467895702208113	-0.647743938652508	0.357905754554577	-0.429701548099521	-0.311116184333764
2.55620447062075	1.07877650569067	-0.0371404450531407	-0.626254067201374	0.357024939398502	-0.452522438489296	-0.319884494345359
2.57854593066856	1.07986908253624	-0.0267011514781688	-0.60260755914494	0.355083965153706	-0.477261523391296	-0.328382813675534
2.60028996595875	1.08058826888304	-0.0165416060610064	-0.579256967155368	0.35218370939844	-0.501331301727668	-0.335642103337431
2.62172552205045	1.08096671911314	-0.00652661132463945	-0.555972505331529	0.348330919101363	-0.524994213781607	-0.341804307776721
2.64310401630801	1.08101822903476	0.00346153648159083	-0.532547583068023	0.343496494766074	-0.548470645966732	-0.346958031247663
2.66446371163023	1.08074475142685	0.0134409696306174	-0.509000991144237	0.337675672481853	-0.571743760282613	-0.351116642112467
2.68588753245248	1.08014352209166	0.02345067193821	-0.485299928065092	0.330849146301073	-0.594843594026565	-0.35429981823928
2.7076210059197	1.07919754183998	0.0336055535785172	-0.461229288035492	0.32292723354468	-0.617968253804491	-0.356532787123195
2.72994131958525	1.07787122697449	0.0440352422005952	-0.43653941328424	0.313770080738771	-0.641331813690255	-0.357805322939364
2.7505441133802	1.07632489819212	0.0536628507901878	-0.413825430083244	0.304426472951025	-0.662499468108873	-0.358089323741211
2.7721850653959	1.07436381563528	0.0637757942274958	-0.39009049729852	0.293725241937592	-0.684273318336757	-0.357501036165085
2.79450211828326	1.07197496593256	0.0742043324119564	-0.365788833164038	0.281780514407482	-0.70618613276852	-0.355984846819436
2.81586167561449	1.06933439327904	0.0841842406555744	-0.342730315562332	0.269528876506108	-0.726604077716706	-0.35371311716168
2.83644225581675	1.06645646744921	0.0937979433925578	-0.320723463005343	0.257010153949611	-0.745733004443868	-0.350808097342166
2.85654121260444	1.06332374222977	0.103183157709482	-0.299448849135219	0.244150621996791	-0.763874893094554	-0.34733377970627
2.87884078831092	1.05946754659422	0.113589785010744	-0.276110491917283	0.229201641166582	-0.783357054676942	-0.342791426177323
2.90102648246817	1.05522452812641	0.123933982520755	-0.253177380289283	0.213673559748284	-0.802047147837123	-0.337607542269036
2.92327333280237	1.05055208540588	0.134293742634352	-0.2304700867459	0.19750427328846	-0.820081998659983	-0.33179801592281
2.94572206967769	1.04540155058101	0.144729819477878	-0.207846274295655	0.180639502882381	-0.837555276285355	-0.325369322360255
2.96593940904362	1.04037793403217	0.154108780766078	-0.187712207209328	0.165027518011206	-0.852665726822846	-0.319136298777281
2.98647314171604	1.0348916237754	0.16361024389625	-0.167485256046305	0.14880488746604	-0.867406367729099	-0.312415131362287
3.00737489837581	1.02889815700386	0.173250862123092	-0.147110603194976	0.131956223096999	-0.881787553808885	-0.305207085220088
3.02868064350364	1.0223517810913	0.183038126451208	-0.126545962130514	0.114478890044223	-0.895805818960792	-0.297517016495428
3.05040809144756	1.0152074259094	0.192968862330718	-0.10576281173964	0.0963869946404821	-0.909444614169759	-0.289355856971198
3.07255354968174	1.00742344736777	0.203027516072568	-0.0847482121749314	0.0777156558265975	-0.922675235192843	-0.280743171899163
3.0950889191774	0.998965075052409	0.213184640681718	-0.0635066719388281	0.0585248473353729	-0.935458403113581	-0.271709488017088
3.11795987272555	0.989808246201384	0.223396135978044	-0.0420613375466405	0.0389017631282117	-0.947746908654743	-0.262297899106252
3.13818490512963	0.981214988920155	0.232330390648171	-0.0231616689719364	0.0214660484235079	-0.958053319948218	-0.253796439071676
3.15853835667895	0.972083204525058	0.241215534883483	-0.00417527798414276	0.00387743446106829	-0.967907926540915	-0.245092969344549
3.1789435179471	0.962427068689795	0.250000505357245	0.0148533076050872	-0.0137635042758681	-0.977280376294882	-0.236237001081374
3.19931965479638	0.952270186436635	0.258632417343478	0.0338763693974082	-0.0313521255271881	-0.986146555834043	-0.227280291816287
3.2195877956296	0.941643686003182	0.267059677342946	0.0528470417580777	-0.048785867057765	-0.994490727761259	-0.218273810285178
3.23967630676434	0.930583463277114	0.27523486707689	0.0717232592084245	-0.0659701282429973	-1.00230672248554	-0.209264738833889
3.26233864028921	0.917460192272269	0.284216993791528	0.0931372589114983	-0.0851994008197239	-1.01059745118377	-0.199017592971801
3.28462339767133	0.90387273015713	0.292767597891121	0.11434959023684	-0.10389918567183	-1.01822232039397	-0.188868412219288
3.3064925100626	0.889867045909742	0.30085118982837	0.135345272401312	-0.122000741354595	-1.02521231831105	-0.178850448473772
3.32793436503184	0.875478222415003	0.308444494786279	0.156128318993262	-0.139462224822534	-1.03160654140827	-0.168982269963742
3.3489610534413	0.860728360171777	0.315534123311611	0.176720195923809	-0.156265008373195	-1.03744855609559	-0.159269114938413
3.36960494910366	0.845625477336976	0.322113782354172	0.197157869541005	-0.17240908736126	-1.04278334687798	-0.149704694992909
3.38991558196022	0.830162876392915	0.328181460614116	0.217492155109326	-0.18790853002896	-1.04765503150224	-0.140272930585153
3.40995744350195	0.814318445276427	0.3337368005393	0.237786869411201	-0.202787532700227	-1.05210531468763	-0.13094926783907
3.43228170639113	0.795988025107344	0.339372653049216	0.260667750376106	-0.218823880054219	-1.05665577548345	-0.120548772994994
3.4545004750195	0.777040237611696	0.344352067381673	0.283729808566751	-0.234166333941669	-1.06077004617845	-0.110185733440001
3.47677840851105	0.757351895540193	0.348659014300756	0.307138338798497	-0.24887220574871	-1.06449023433869	-0.0997868085520425
3.49679671288106	0.739088310726303	0.351897935738216	0.328406590824481	-0.261460120222082	-1.06749490155078	-0.0904378155161304
3.51721242213896	0.719925323901114	0.354543164695504	0.350310853775496	-0.273642955576731	-1.07023617767661	-0.0809002091187698
3.53827928837668	0.699609645825949	0.356533144542173	0.373119471993426	-0.28547659849357	-1.07272911781938	-0.0710565460485996
3.56035495623867	0.677766846798066	0.357766183589699	0.397214865028308	-0.297025586646623	-1.07498171182637	-0.0607405969430718
3.58247570852959	0.655354153886083	0.358081710543216	0.421521166117753	-0.307678272853527	-1.07687532000384	-0.050403437689685
3.60345910028895	0.633653436714332	0.357492329164054	0.444686200112162	-0.316894239215259	-1.0783396368265	-0.0405980899487907
3.62358274961507	0.612483577343907	0.356085571955084	0.466960029036358	-0.324890601619271	-1.07944360638027	-0.0311949703358095
3.64553834915156	0.589039826293213	0.353584802131678	0.491275619452968	-0.332648399101068	-1.08031544574618	-0.0209364030306062
3.66706972896542	0.565755340492857	0.350133432460352	0.515080063247487	-0.339256923026193	-1.08083540374034	-0.0108765094341546
3.68844310222672	0.542413696048721	0.345716500229137	0.538611003768562	-0.344825811706967	-1.08102469981728	-0.000890688522165935
3.7098215078355	0.518899082136303	0.340306249623313	0.561989663460379	-0.349403733540773	-1.08088874559668	0.0090974839174642
3.73118938816524	0.49528798846395	0.333910143739311	0.585139446108411	-0.352991134309507	-1.08042743457236	0.0190809905702001
3.75275991655017	0.471402211649405	0.326462075883235	0.60822840794305	-0.35562172413391	-1.07963061959245	0.0291596482506794
3.77479560699262	0.447007484875862	0.31784456713309	0.631463556928389	-0.357300836909929	-1.07847104180425	0.0394562697768427
3.7950195709016	0.424671876055041	0.309061840343616	0.652425028176061	-0.357968713348729	-1.0770969042311	0.0489068730051167
3.81612263592497	0.40146422818476	0.299035488351242	0.673879274985872	-0.35780415481628	-1.07534350317063	0.0587686664650427
3.83836063288018	0.377161307107156	0.287556137774934	0.695976881488903	-0.356716974264961	-1.07313818859606	0.069160836490031
3.86020518616036	0.353479513321378	0.275411486641536	0.717129629662073	-0.35477990427774	-1.07060914298345	0.0793684176362086
3.88110986817961	0.331023417609637	0.263028364268153	0.736823017483504	-0.352163496939863	-1.06784643509314	0.089135132671714
3.9014045357478	0.309437045896124	0.25033782231021	0.755400866119339	-0.348951836754052	-1.06483791201546	0.0986140144438457
3.92381448895944	0.285863830562288	0.235611036747952	0.775270601174413	-0.344686739502738	-1.0611344317367	0.10907570275479
3.9460230628557	0.262786655769342	0.220333905508398	0.794273617542442	-0.339769341464813	-1.05706027331178	0.119435435956419
3.96822416952354	0.240005342785265	0.204440644311124	0.812570031061197	-0.334221094578435	-1.05257537384646	0.129780450267316
3.99057154838666	0.217363647211372	0.187873695195737	0.830269972398341	-0.328051829248455	-1.04763361960971	0.140178134052723
4.01066038714976	0.197252448424222	0.172541660837675	0.845562948743773	-0.322049224627293	-1.04281539716799	0.149507563789622
4.03103631089312	0.177078506815237	0.156609609917165	0.860476192066579	-0.315558458045466	-1.03755469888181	0.158948848128306
4.0517577650123	0.156781234843062	0.140057298075995	0.875026916096579	-0.308579894818824	-1.03180815093964	0.168522596742834
4.07286840920896	0.136312304503343	0.122875568326321	0.889218096975379	-0.301116382243795	-1.02553040147872	0.178240813917478
4.09439497988368	0.115636471260226	0.105070053789369	0.903039280315383	-0.293175648516072	-1.0186757515756	0.188105594726707
4.11634432815057	0.0947331713408751	0.086665385840506	0.916467359913646	-0.284772853242239	-1.01120053125452	0.198107467401738
4.13870023162975	0.0735984461371489	0.0677093552215958	0.929467791313269	-0.275933076553706	-1.00306623745041	0.208223721332114
4.16142086776923	0.0522465577873587	0.0482761293806909	0.941996688744743	-0.266693340624875	-0.994243246532098	0.218417211244188
4.18154766009986	0.0334109975452105	0.0309598650769394	0.952533494701003	-0.258319433592031	-0.985944492246209	0.227359568515096
4.20184088026735	0.0144672236427683	0.0134398665051285	0.962636530977563	-0.249718618748523	-0.977103754620327	0.236278752243399
4.22222815563713	-0.0045434567164195	-0.00418779593632791	0.972273169659942	-0.240938088467362	-0.967729712943518	0.245125884403695
4.24263018428281	-0.0235745351846258	-0.0218198894857686	0.981415590602733	-0.232028770562612	-0.957841055418103	0.253848660048386
4.26296626043894	-0.0425781371997842	-0.0393519016457558	0.990043296646534	-0.223042474697346	-0.947465159446745	0.262394376343106
4.28316008390379	-0.0615091042121227	-0.0566841955138644	0.99814485100877	-0.214028809797096	-0.936635746796642	0.270713005310965
4.30597957525168	-0.0830062615883382	-0.07613403725844	1.00675778655832	-0.20375084473441	-0.92375152496998	0.279884881992855
4.32844877340158	-0.104315372466436	-0.0950966203051567	1.0146939975421	-0.19355004784108	-0.910378625075657	0.288646668146241
4.35051658758536	-0.125412235362347	-0.113489734333318	1.02197932162871	-0.18346682110851	-0.896567086266357	0.296956555441833
4.3721591210942	-0.146291989109152	-0.13125915520783	1.02864951128009	-0.173526573635257	-0.88235752217093	0.304785728843092
4.39337764807031	-0.166968062793635	-0.148375818179729	1.0347464611302	-0.163740644170983	-0.867778398336563	0.312116462350716
4.41419536372174	-0.187470312374364	-0.16483150895355	1.04031483707724	-0.154107968979675	-0.852844524702869	0.318939477933229
4.43465401468813	-0.207843148163438	-0.180634195525824	1.04539942024859	-0.144616906068078	-0.837556272085151	0.325251101593907
4.45481119629685	-0.22814425090555	-0.195803745636431	1.0500432230807	-0.135246787025632	-0.821898972175145	0.331050532662068
4.47721775875163	-0.250985780773921	-0.212148111164151	1.05479033930552	-0.124813944975017	-0.803804558531594	0.336962056139173
4.4994583482884	-0.273948543182709	-0.227775872400474	1.05908156994025	-0.114445009372081	-0.785133026757533	0.34222088177256
4.521683894006	-0.297182933786008	-0.242742151991025	1.06296184838289	-0.104073511760115	-0.765778914596879	0.346815663751146
4.54408132360005	-0.320878661034669	-0.257107236869435	1.06646935579076	-0.0936151538997496	-0.745590694756089	0.350722390769189
4.56432767040105	-0.342528678442534	-0.269424916250199	1.06929956259901	-0.0841574934958911	-0.726770884156467	0.353582409746095
4.58512584813079	-0.364977628054921	-0.281372666977496	1.07187684471354	-0.0744398547861055	-0.706899216658614	0.355812521763606
4.6067954923387	-0.388566259892445	-0.293014211854019	1.07421248454976	-0.0643138460552428	-0.685646224657308	0.357328057909266
4.62917006415393	-0.413099676088263	-0.304122908492268	1.07625568635121	-0.0538580785492764	-0.663156010262938	0.35798098704155
4.65052991599639	-0.436648143238007	-0.313822580237672	1.07786188419343	-0.0438767232037898	-0.641213740955422	0.357699303441467
4.67091662476103	-0.459198676490849	-0.322223604421561	1.07908481687751	-0.0343505877050359	-0.619886140386652	0.356574192126602
4.69306151900105	-0.483726142130161	-0.330371818567551	1.08007323175897	-0.0240035139579795	-0.596347089628801	0.354375332525536
4.71469109617262	-0.507659613548263	-0.337325331154184	1.08069925535984	-0.0138977641700932	-0.573039641811569	0.351223095324282
4.7360823751778	-0.531248771291844	-0.343210403236904	1.08099005508116	-0.0039037026320874	-0.549741283789311	0.347114105868996
4.75745981012509	-0.554683473627244	-0.348099377966563	1.08095518850194	0.00608378106116223	-0.526271714874689	0.342015596905405
4.77880924008197	-0.577889043351283	-0.35199288004883	1.08059555043076	0.016058325795259	-0.502706507079472	0.335934554253576
4.80028464283823	-0.600971679448607	-0.3549209576683	1.07990542494565	0.0260921016821487	-0.478933745497037	0.328828855986156
4.8221397745034	-0.624134427496841	-0.356900043935094	1.07886323098936	0.0363038462838324	-0.454728803492511	0.320596197651266
4.84466375712371	-0.6475977707703	-0.35790960612804	1.07742761294202	0.0468287333851147	-0.429829842171718	0.31108087274293
4.86553504765233	-0.66891750651891	-0.357941771399753	1.07576644632567	0.0565817951219399	-0.406848939806755	0.301359976277818
4.88755168529457	-0.690917499899484	-0.357071227017816	1.07366484264464	0.066870162993128	-0.382747342745152	0.290201064024694
4.90962949793868	-0.71242822868068	-0.355308967329024	1.07119200262792	0.0771865467905949	-0.358763773947232	0.278122420538434
4.93071220996456	-0.732417709014818	-0.352839065216935	1.06848330767378	0.0870364650553581	-0.33606559865896	0.265802600161582
4.95111561939324	-0.751221195600304	-0.349759028139391	1.06553284178939	0.0965664300039062	-0.31431164618908	0.25319259813549
4.97358952214064	-0.771288911830098	-0.345631639044393	1.06190070535664	0.1070586987728	-0.290611793526536	0.238572940271598
4.99581641356074	-0.790449894845952	-0.340845757370452	1.05790542097147	0.11742823652646	-0.267455526125514	0.223417520843998
5.01800053589329	-0.808876901048113	-0.335425927839265	1.05350814407764	0.127767286522481	-0.244631243029516	0.207658641316789
5.04030251012794	-0.826688754438734	-0.329383879821898	1.04866400103654	0.138146691366165	-0.221975246597797	0.191237188455739
5.0603313365407	-0.842070853146408	-0.323494198088992	1.04394191327349	0.147451750955889	-0.201871060127075	0.176042447133108
5.0806320754799	-0.857067461946729	-0.317116442567417	1.03878697991575	0.156862862074689	-0.181719517969016	0.160253580492734
5.1012663710558	-0.871699198518097	-0.310250709374552	1.03315644338688	0.166402471931127	-0.161457244868778	0.14384823744343
5.12228142463487	-0.885972214496926	-0.302899053613761	1.02700528545378	0.176084652659198	-0.14103307095685	0.126814400954569
5.1437081066471	-0.899879071172967	-0.295067840401983	1.02028770121176	0.185913913267453	-0.12040863003879	0.109153927134535
5.16555814025803	-0.913399482164208	-0.286770271805231	1.01295929577839	0.195883598462456	-0.0995598136141794	0.0908866733427803
5.18782089733503	-0.926501383769329	-0.278028918286738	1.0049800531865	0.205974182130642	-0.0784786694171633	0.0720547361561015
5.21046062479541	-0.939142790562337	-0.268877893496935	0.996317946342131	0.21615191081101	-0.0571751557797872	0.0527259826859312
5.23053141043864	-0.949787926914498	-0.260571268248541	0.988162206702146	0.225091205526395	-0.0383742797876406	0.0354800627221515
5.25078617664371	-0.960008507863725	-0.252026152037327	0.979463878941875	0.234019342535883	-0.0194553710781433	0.0180068095014502
5.27115519520481	-0.969771105987033	-0.243288336423683	0.970228914760545	0.242888805239654	-0.000457808773504768	0.000399531184034739
5.2915605069267	-0.979046357646179	-0.234408006048367	0.960473426687328	0.25164792002967	0.0185729309588574	-0.0172399139812964
5.31192122548643	-0.987811616712204	-0.225437023021127	0.950222672130991	0.260243791038137	0.0375889445812202	-0.0348067680170041
5.33215935902795	-0.996052930910181	-0.216425858104238	0.939508952450838	0.268625409376805	0.0565439784593509	-0.0521995512725615
5.35220524298995	-1.00376602630525	-0.207420655652716	0.92836873949732	0.276746438165923	0.0753972868079325	-0.0693257825132016
5.37480686614928	-1.01194140266131	-0.197186545755559	0.915162822759583	0.285658051663885	0.0967785799017383	-0.0884715059083202
5.3970225138469	-1.01945546813482	-0.1870571932962	0.901501150009515	0.29413116326288	0.117954318125309	-0.107073969966675
5.41881873930485	-1.02634086031444	-0.17706329319671	0.887428050519325	0.302132483342733	0.13891280979512	-0.125069190146017
5.44018819018487	-1.03263768310117	-0.167221023991129	0.872976515332322	0.309640601965772	0.159661167768852	-0.142419577974637
5.46114665786765	-1.03838994194368	-0.157533522786508	0.858166305083608	0.3166435398539	0.180223636860077	-0.159110017067386
5.48172964632502	-1.04364261596951	-0.147992710207029	0.84300296855243	0.323135929317919	0.200639647417088	-0.175143219110884
5.50198936550509	-1.04843950455895	-0.138580975973442	0.827477235369271	0.329116221205782	0.220962269189681	-0.190535245232334
5.5219927398226	-1.05282179472418	-0.129272400016381	0.811564255263049	0.334584094822936	0.241257539461136	-0.205311694806549
5.54429161689183	-1.05730310655962	-0.118881310811825	0.793146421097911	0.340120986375083	0.264156685461712	-0.221239675563252
5.56650788045031	-1.06135505613826	-0.108517638209191	0.774095236164509	0.344999737276182	0.287259819973758	-0.236482099066986
5.58881162242613	-1.0650187289294	-0.0981053456596942	0.754280557201156	0.349202408590633	0.310738171728255	-0.251097062930933
5.60888313926008	-1.06797717939797	-0.0887306445684142	0.735877379710181	0.352343201597227	0.332099799687797	-0.263612557028807
5.62938988666576	-1.07067518996883	-0.0791498895170499	0.716537973619172	0.354881774147664	0.354137216349665	-0.275731884630608
5.6506007579839	-1.07312688216202	-0.0692385140865181	0.695991459827208	0.356751214625694	0.37713542233482	-0.28751270053917
5.67284394981088	-1.07533384103635	-0.0588440162334635	0.673889347774258	0.357838858367915	0.401444493262105	-0.298994842134445
5.69477088148305	-1.07715011290642	-0.0485973005027351	0.651589117121388	0.357992333381698	0.425560995785035	-0.309395032878957
5.7155837204442	-1.07854831091341	-0.038871599604481	0.629996854776943	0.357258233195877	0.448551456136473	-0.31838663359139
5.73558957887715	-1.07959626145909	-0.0295235044374258	0.608895775141454	0.35571761681513	0.47070048631764	-0.326194112377698
5.75746158377602	-1.08041256475717	-0.0193039924463122	0.585491485099238	0.353072029838732	0.494921079657942	-0.333768037392413
5.77895206752281	-1.08088143724966	-0.0092632001279846	0.562212286348118	0.349475957985177	0.518669150901548	-0.340212757857186
5.80032304642156	-1.08102134269083	0.00072152009363246	0.538843863361699	0.344908879927384	0.542177479329142	-0.34563040002101
5.82169503179763	-1.08083612292895	0.0107067257508978	0.515316013102843	0.339349784572313	0.565520109826112	-0.350056510323205
5.8430776078734	-1.08032497837691	0.0206971429209832	0.491677277089382	0.332799708430466	0.588647701287532	-0.353496851351443
5.86470108643215	-1.07947536087329	0.0308005881557667	0.467730053016746	0.325182919291121	0.611745307856551	-0.355983507446881
5.88683276933226	-1.07825710752061	0.0411420972263839	0.443234967765045	0.31637416510313	0.635022139755575	-0.357516262329507
5.90718602350626	-1.07682272301112	0.0506531115545535	0.420769701836943	0.30739366729728	0.656053021174187	-0.358046778851827
5.92847267782972	-1.07499716209849	0.0606006216598896	0.39738173970732	0.297131032912654	0.677615422391177	-0.357731654572537
5.95080137918109	-1.07272000942611	0.0710349668609111	0.373010362758457	0.285450046920841	0.699709646667662	-0.356485013781745
5.9724630487648	-1.07015091066519	0.0811566985545702	0.349562045042331	0.273266680174277	0.720588865622867	-0.354423378728841
5.9932409755178	-1.06734764130264	0.0908635993328469	0.327278657436342	0.260837234451499	0.740068983866302	-0.351700833784339
6.01345786440816	-1.06429542891614	0.100305316537011	0.30581244007381	0.24808789286443	0.758482988842341	-0.348393209401435
6.03582186359144	-1.06053823279273	0.110744251866953	0.282330442487913	0.233283055161377	0.778207790304827	-0.344027307028323
6.05801731626341	-1.05640466980323	0.121096087461235	0.259310322238385	0.217917291005183	0.797094347564853	-0.339013378466411
6.08023089812109	-1.05185376917318	0.13144452954118	0.236559873586155	0.201926198914743	0.815293895587037	-0.333370728455916
6.10261143681752	-1.04683849913684	0.14185447659936	0.213928133515971	0.18525340135181	0.832910365620881	-0.327107877951163
6.12274404871821	-1.04194790119136	0.151200588866287	0.193811360584274	0.169821621880412	0.848136540607094	-0.321022210746692
6.14317472480398	-1.03660763138642	0.160662609120703	0.17362060155694	0.153785772495041	0.862987029829485	-0.314448381615736
6.16395948546981	-1.03077389516293	0.170259741751201	0.15329735171833	0.137127275514678	0.877476543444605	-0.307387017265872
6.18513928192565	-1.024401149739	0.180002400776148	0.132795433232459	0.119839219124022	0.891605716506549	-0.299841619900163
6.20673768724355	-1.01744385460289	0.189890828116627	0.112081975654369	0.101930170395104	0.905361878948527	-0.291820998511724
6.22875784781577	-1.00985897949822	0.199913406496957	0.0911391040194077	0.0834284215666165	0.918719875478826	-0.283341828063566
6.25117933873879	-1.00160925927363	0.210045030906238	0.0699658599149626	0.0643860609034744	0.931643399358674	-0.274431091809706
6.27395586045089	-0.992666963516941	0.220246053621397	0.0485796854976104	0.044881914769325	0.94408727801934	-0.265127968390715
6.29412017913518	-0.984262583923981	0.229186704337709	0.029720029765989	0.0275198162387175	0.954542554158002	-0.256706520576419
6.31443771552961	-0.975317081040638	0.238095054022318	0.0107595387322386	0.00997184584524895	0.964557542308409	-0.248066899867559
