-1	0.402419853027887
-0.998	0.400718136193532
-0.996	0.398995552263896
-0.994	0.397251934956727
-0.992	0.395487118149092
-0.99	0.393700935911713
-0.988	0.391893222543856
-0.986	0.390063812608768
-0.984	0.388212540969663
-0.982	0.386339242826262
-0.98	0.384443753751886
-0.978	0.382525909731093
-0.976	0.380585547197867
-0.974	0.37862250307436
-0.972	0.376636614810173
-0.97	0.374627720422192
-0.968	0.372595658534961
-0.966	0.370540268421609
-0.964	0.368461390045306
-0.962	0.366358864101268
-0.96	0.364232532059299
-0.958	0.362082236206864
-0.956	0.359907819692694
-0.954	0.35770912657093
-0.952	0.355486001845783
-0.95	0.353238291516723
-0.948	0.350965842624192
-0.946	0.348668503295822
-0.944	0.346346122793182
-0.942	0.343998551559019
-0.94	0.341625641265014
-0.938	0.339227244860029
-0.936	0.336803216618861
-0.934	0.334353412191474
-0.932	0.331877688652725
-0.93	0.329375904552565
-0.928	0.326847919966717
-0.926	0.324293596547818
-0.924	0.32171279757703
-0.922	0.319105388016097
-0.92	0.316471234559863
-0.918	0.313810205689218
-0.916	0.311122171724492
-0.914	0.30840700487927
-0.912	0.305664579314627
-0.91	0.302894771193775
-0.908	0.300097458737118
-0.906	0.2972725222777
-0.904	0.294419844317036
-0.902	0.291539309581328
-0.9	0.288630805078049
-0.898	0.285694220152878
-0.896	0.282729446546999
-0.894	0.279736378454727
-0.892	0.276714912581472
-0.89	0.273664948202019
-0.888	0.270586387219116
-0.886	0.267479134222365
-0.884	0.26434309654739
-0.882	0.261178184335293
-0.88	0.257984310592357
-0.878	0.254761391250017
-0.876	0.251509345225061
-0.874	0.248228094480053
-0.872	0.244917564083983
-0.87	0.241577682273106
-0.868	0.238208380511975
-0.866	0.23480959355464
-0.864	0.231381259506022
-0.862	0.227923319883413
-0.86	0.224435719678124
-0.858	0.220918407417241
-0.856	0.217371335225488
-0.854	0.213794458887173
-0.852	0.210187737908208
-0.85	0.206551135578184
-0.848	0.202884619032487
-0.846	0.199188159314438
-0.844	0.19546173143744
-0.842	0.191705314447116
-0.84	0.187918891483423
-0.838	0.184102449842722
-0.836	0.180255981039788
-0.834	0.176379480869741
-0.832	0.172472949469884
-0.83	0.168536391381426
-0.828	0.164569815611078
-0.826	0.160573235692488
-0.824	0.156546669747522
-0.822	0.152490140547343
-0.82	0.148403675573293
-0.818	0.144287307077548
-0.816	0.140141072143522
-0.814	0.135965012746013
-0.812	0.131759175811055
-0.81	0.127523613275478
-0.808	0.123258382146126
-0.806	0.118963544558744
-0.804	0.114639167836489
-0.802	0.110285324548057
-0.8	0.105902092565403
-0.798	0.101489555121025
-0.796	0.0970478008648087
-0.794	0.0925769239203843
-0.792	0.088077023941005
-0.79	0.0835482061648971
-0.788	0.078990581470081
-0.786	0.0744042664286256
-0.784	0.0697893833603275
-0.782	0.0651460603857791
-0.78	0.0604744314788154
-0.778	0.055774636518308
-0.776	0.0510468213392899
-0.774	0.0462911377833828
-0.772	0.0415077437485097
-0.77	0.0366968032378644
-0.768	0.0318584864081211
-0.766	0.0269929696168532
-0.764	0.0221004354691464
-0.762	0.0171810728633772
-0.76	0.012235077036135
-0.758	0.00726264960626678
-0.756	0.00226399861801654
-0.754	-0.00276066141675776
-0.752	-0.00781110947732076
-0.75	-0.0128871179937633
-0.748	-0.0179884528077095
-0.746	-0.023114873134035
-0.744	-0.0282661315236352
-0.742	-0.0334419738272542
-0.74	-0.0386421391604061
-0.738	-0.0438663598694083
-0.736	-0.0491143614985515
-0.734	-0.0543858627584253
-0.732	-0.0596805754954312
-0.73	-0.0649982046624968
-0.728	-0.0703384482910209
-0.726	-0.0757009974640657
-0.724	-0.0810855362908291
-0.722	-0.0864917418824072
-0.72	-0.0919192843288802
-0.718	-0.0973678266777365
-0.716	-0.102837024913665
-0.714	-0.108326527939726
-0.712	-0.113835977559942
-0.71	-0.119365008463301
-0.708	-0.124913248209233
-0.706	-0.130480317214535
-0.704	-0.136065828741813
-0.702	-0.141669388889423
-0.7	-0.147290596582956
-0.698	-0.152929043568279
-0.696	-0.15858431440615
-0.694	-0.164255986468434
-0.692	-0.169943629935935
-0.69	-0.175646807797865
-0.688	-0.181365075852969
-0.686	-0.187097982712325
-0.684	-0.192845069803841
-0.682	-0.198605871378465
-0.68	-0.20437991451812
-0.678	-0.210166719145396
-0.676	-0.215965798035005
-0.674	-0.22177665682702
-0.672	-0.227598794041915
-0.67	-0.233431701097421
-0.668	-0.239274862327221
-0.666	-0.245127755001487
-0.664	-0.250989849349286
-0.662	-0.256860608582865
-0.66	-0.262739488923832
-0.658	-0.268625939631243
-0.656	-0.274519403031607
-0.654	-0.280419314550845
-0.652	-0.28632510274817
-0.65	-0.292236189351951
-0.648	-0.298151989297539
-0.646	-0.304071910767083
-0.644	-0.309995355231332
-0.642	-0.315921717493456
-0.64	-0.321850385734875
-0.638	-0.327780741563112
-0.636	-0.333712160061687
-0.634	-0.339644009842049
-0.632	-0.345575653097563
-0.63	-0.35150644565955
-0.628	-0.357435737055398
-0.626	-0.363362870568742
-0.624	-0.369287183301716
-0.622	-0.375208006239302
-0.62	-0.381124664315748
-0.618	-0.387036476483091
-0.616	-0.392942755781766
-0.614	-0.398842809413316
-0.612	-0.4047359388152
-0.61	-0.410621439737703
-0.608	-0.416498602322946
-0.606	-0.422366711185999
-0.604	-0.428225045498096
-0.602	-0.434072879071949
-0.6	-0.439909480449163
-0.598	-0.445734112989746
-0.596	-0.451546034963716
-0.594	-0.457344499644792
-0.592	-0.463128755406174
-0.59	-0.468898045818411
-0.588	-0.474651609749326
-0.586	-0.480388681466029
-0.584	-0.486108490738981
-0.582	-0.49181026294811
-0.58	-0.497493219190982
-0.578	-0.503156576392998
-0.576	-0.508799547419625
-0.574	-0.514421341190635
-0.572	-0.520021162796354
-0.57	-0.525598213615905
-0.568	-0.531151691437419
-0.566	-0.53668079058023
-0.564	-0.542184702019001
-0.562	-0.547662613509805
-0.56	-0.553113709718117
-0.558	-0.558537172348712
-0.556	-0.563932180277451
-0.554	-0.56929790968494
-0.552	-0.574633534192032
-0.55	-0.57993822499717
-0.548	-0.585211151015534
-0.546	-0.590451479019983
-0.544	-0.595658373783765
-0.542	-0.600830998224967
-0.54	-0.605968513552706
-0.538	-0.611070079414999
-0.536	-0.616134854048322
-0.534	-0.621161994428815
-0.532	-0.626150656425112
-0.53	-0.631099994952766
-0.528	-0.636009164130249
-0.526	-0.640877317436486
-0.524	-0.645703607869913
-0.522	-0.650487188109008
-0.52	-0.655227210674282
-0.518	-0.659922828091687
-0.516	-0.664573193057423
-0.514	-0.669177458604094
-0.512	-0.673734778268194
-0.51	-0.678244306258884
-0.508	-0.682705197628025
-0.506	-0.687116608441435
-0.504	-0.69147769595133
-0.502	-0.695787618769917
-0.5	-0.700045537044095
-0.498	-0.704250612631243
-0.496	-0.708402009276026
-0.494	-0.712498892788218
-0.492	-0.716540431221467
-0.49	-0.720525795052995
-0.488	-0.724454157364157
-0.486	-0.72832469402185
-0.484	-0.732136583860707
-0.482	-0.735889008866052
-0.48	-0.739581154357551
-0.478	-0.743212209173536
-0.476	-0.746781365855949
-0.474	-0.750287820835859
-0.472	-0.75373077461951
-0.47	-0.757109431974856
-0.468	-0.760423002118529
-0.466	-0.763670698903205
-0.464	-0.766851741005313
-0.462	-0.769965352113036
-0.46	-0.773010761114569
-0.458	-0.775987202286565
-0.456	-0.778893915482749
-0.454	-0.781730146322617
-0.452	-0.784495146380197
-0.45	-0.787188173372809
-0.448	-0.789808491349779
-0.446	-0.792355370881047
-0.444	-0.794828089245629
-0.442	-0.79722593061988
-0.44	-0.799548186265496
-0.438	-0.801794154717212
-0.436	-0.803963141970147
-0.434	-0.806054461666726
-0.432	-0.808067435283153
-0.43	-0.810001392315353
-0.428	-0.811855670464354
-0.426	-0.813629615821036
-0.424	-0.815322583050212
-0.422	-0.816933935573969
-0.42	-0.818463045754227
-0.418	-0.819909295074462
-0.416	-0.821272074320526
-0.414	-0.822550783760531
-0.412	-0.823744833323719
-0.41	-0.824853642778286
-0.408	-0.825876641908083
-0.406	-0.826813270688164
-0.404	-0.827662979459105
-0.402	-0.828425229100049
-0.4	-0.829099491200431
-0.398	-0.829685248230306
-0.396	-0.830181993709251
-0.394	-0.83058923237377
-0.392	-0.830906480343156
-0.39	-0.831133265283753
-0.388	-0.83126912657156
-0.386	-0.831313615453141
-0.384	-0.831266295204755
-0.382	-0.831126741289698
-0.38	-0.830894541513755
-0.378	-0.830569296178749
-0.376	-0.830150618234115
-0.374	-0.829638133426444
-0.372	-0.829031480446966
-0.37	-0.828330311076891
-0.368	-0.827534290330589
-0.366	-0.826643096596525
-0.364	-0.82565642177593
-0.362	-0.824573971419136
-0.36	-0.823395464859533
-0.358	-0.822120635345104
-0.356	-0.820749230167485
-0.354	-0.819281010788491
-0.352	-0.817715752964084
-0.35	-0.816053246865717
-0.348	-0.814293297199014
-0.346	-0.812435723319739
-0.344	-0.810480359347013
-0.342	-0.808427054273723
-0.34	-0.806275672074093
-0.338	-0.804026091808365
-0.336	-0.801678207724551
-0.334	-0.799231929357204
-0.332	-0.796687181623182
-0.33	-0.794043904914357
-0.328	-0.791302055187221
-0.326	-0.788461604049366
-0.324	-0.785522538842785
-0.322	-0.78248486272396
-0.32	-0.77934859474071
-0.318	-0.77611376990575
-0.316	-0.772780439266924
-0.314	-0.769348669974094
-0.312	-0.765818545342639
-0.31	-0.762190164913528
-0.308	-0.758463644509942
-0.306	-0.754639116290421
-0.304	-0.750716728798483
-0.302	-0.746696647008713
-0.3	-0.742579052369273
-0.298	-0.738364142840818
-0.296	-0.734052132931784
-0.294	-0.729643253730033
-0.292	-0.725137752930813
-0.29	-0.72053589486103
-0.288	-0.715837960499798
-0.286	-0.711044247495247
-0.284	-0.706155070177567
-0.282	-0.701170759568279
-0.28	-0.696091663385703
-0.278	-0.690918146046611
-0.276	-0.685650588664048
-0.274	-0.680289389041315
-0.272	-0.674834961662077
-0.27	-0.669287737676618
-0.268	-0.663648164884194
-0.266	-0.657916707711506
-0.264	-0.652093847187262
-0.262	-0.646180080912834
-0.26	-0.640175923028989
-0.258	-0.634081904178704
-0.256	-0.62789857146605
-0.254	-0.621626488411143
-0.252	-0.615266234901162
-0.25	-0.608818407137435
-0.248	-0.602283617578587
-0.246	-0.595662494879756
-0.244	-0.588955683827878
-0.242	-0.582163845273045
-0.24	-0.575287656055944
-0.238	-0.568327808931376
-0.236	-0.561285012487867
-0.234	-0.554159991063384
-0.232	-0.546953484657156
-0.23	-0.539666248837617
-0.228	-0.532299054646483
-0.226	-0.524852688498974
-0.224	-0.517327952080201
-0.222	-0.509725662237726
-0.22	-0.502046650870318
-0.218	-0.494291764812917
-0.216	-0.486461865717837
-0.214	-0.478557829932217
-0.212	-0.470580548371744
-0.21	-0.462530926390674
-0.208	-0.454409883648179
-0.206	-0.446218353971034
-0.204	-0.437957285212679
-0.202	-0.429627639108683
-0.2	-0.421230391128634
-0.198	-0.412766530324493
-0.196	-0.404237059175437
-0.194	-0.395642993429218
-0.192	-0.386985361940089
-0.19	-0.378265206503313
-0.188	-0.369483581686299
-0.186	-0.360641554656405
-0.184	-0.351740205005434
-0.182	-0.342780624570879
-0.18	-0.333763917253939
-0.178	-0.324691198834357
-0.176	-0.315563596782128
-0.174	-0.306382250066099
-0.172	-0.297148308959532
-0.17	-0.28786293484265
-0.168	-0.278527300002232
-0.166	-0.269142587428292
-0.164	-0.259709990607896
-0.162	-0.250230713316157
-0.16	-0.240705969404474
-0.158	-0.231136982586052
-0.156	-0.221524986218754
-0.154	-0.211871223085354
-0.152	-0.202176945171221
-0.15	-0.192443413439514
-0.148	-0.182671897603909
-0.146	-0.172863675898965
-0.144	-0.163020034848123
-0.142	-0.153142269029451
-0.14	-0.143231680839162
-0.138	-0.133289580252972
-0.136	-0.123317284585358
-0.134	-0.113316118246783
-0.132	-0.103287412498932
-0.13	-0.0932325052080443
-0.128	-0.0831527405963827
-0.126	-0.0730494689919175
-0.124	-0.0629240465762798
-0.122	-0.0527778351310595
-0.12	-0.0426122017824953
-0.118	-0.0324285187446455
-0.116	-0.0222281630610793
-0.114	-0.0120125163451826
-0.112	-0.00178296451911794
-0.11	0.00845910244846945
-0.108	0.0187122908059524
-0.106	0.0289752032833419
-0.104	0.0392464393579776
-0.102	0.0495245955212013
-0.1	0.0598082655459585
-0.098	0.0700960407552476
-0.096	0.080386510291357
-0.094	0.0906782613858074
-0.092	0.100969879629944
-0.09	0.111259949246093
-0.088	0.121547053359221
-0.086	0.131829774269027
-0.084	0.142106693722384
-0.082	0.152376393186077
-0.08	0.162637454119749
-0.078	0.172888458248992
-0.076	0.183127987838517
-0.074	0.193354625965311
-0.072	0.203566956791739
-0.07	0.213763565838489
-0.0679999999999999	0.223943040257314
-0.0659999999999999	0.234103969103479
-0.0639999999999999	0.244244943607859
-0.0620000000000001	0.254364557448605
-0.0600000000000001	0.264461407022311
-0.0580000000000001	0.274534091714608
-0.056	0.284581214170123
-0.054	0.29460138056172
-0.052	0.304593200858965
-0.05	0.314555289095735
-0.048	0.324486263636903
-0.046	0.334384747444041
-0.044	0.344249368340049
-0.042	0.35407875927267
-0.04	0.363871558576793
-0.038	0.373626410235503
-0.036	0.383341964139787
-0.034	0.393016876346846
-0.032	0.402649809336941
-0.03	0.412239432268699
-0.028	0.42178442123283
-0.026	0.43128345950417
-0.024	0.440735237792
-0.022	0.450138454488574
-0.02	0.45949181591579
-0.018	0.468794036569938
-0.016	0.478043839364475
-0.014	0.487239955870748
-0.012	0.496381126556621
-0.01	0.505466101022936
-0.00800000000000001	0.514493638237755
-0.00600000000000001	0.523462506768307
-0.004	0.532371485010616
-0.002	0.541219361416715
0	0.550004934719418
0.002	0.558727014154576
0.004	0.567384419680776
0.00600000000000001	0.57597598219642
0.00800000000000001	0.584500543754132
0.01	0.592956957772449
0.012	0.601344089244731
0.014	0.609660814945254
0.016	0.617906023632428
0.018	0.626078616249088
0.02	0.634177506119827
0.022	0.642201619145301
0.024	0.650149893993484
0.026	0.658021282287813
0.028	0.665814748792177
0.03	0.673529271592731
0.032	0.68116384227646
0.034	0.688717466106477
0.036	0.696189162194011
0.038	0.703577963667038
0.04	0.710882917835529
0.042	0.718103086353269
0.044	0.725237545376217
0.046	0.732285385717379
0.048	0.739245712998148
0.05	0.746117647796084
0.052	0.752900325789119
0.054	0.759592897896128
0.056	0.766194530413866
0.0580000000000001	0.772704405150225
0.0600000000000001	0.779121719553798
0.0620000000000001	0.785445686839713
0.0640000000000001	0.791675536111726
0.0660000000000001	0.79781051248054
0.0680000000000001	0.803849877178335
0.0700000000000001	0.80979290766949
0.0720000000000001	0.81563889775747
0.0740000000000001	0.821387157687868
0.0760000000000001	0.827037014247588
0.0780000000000001	0.83258781086014
0.0800000000000001	0.838038907677053
0.0820000000000001	0.84338968166537
0.0840000000000001	0.848639526691238
0.0860000000000001	0.853787853599563
0.0880000000000001	0.858834090289728
0.0900000000000001	0.863777681787369
0.0920000000000001	0.868618090312198
0.0940000000000001	0.873354795341865
0.0960000000000001	0.877987293671868
0.0980000000000001	0.882515099471483
0.1	0.886937744335742
0.102	0.891254777333432
0.104	0.895465765051134
0.106	0.899570291633284
0.108	0.903567958818289
0.11	0.907458385970666
0.112	0.911241210109235
0.114	0.914916085931362
0.116	0.918482685833257
0.118	0.921940699926351
0.12	0.92528983604973
0.122	0.928529819778678
0.124	0.931660394429304
0.126	0.934681321059289
0.128	0.937592378464759
0.13	0.940393363173292
0.132	0.943084089433098
0.134	0.945664389198357
0.136	0.948134112110765
0.138	0.950493125477285
0.14	0.952741314244133
0.142	0.95487858096702
0.144	0.956904845777674
0.146	0.958820046346658
0.148	0.96062413784252
0.15	0.962317092887286
0.152	0.963898901508342
0.154	0.965369571086713
0.156	0.966729126301779
0.158	0.967977609072451
0.16	0.969115078494848
0.162	0.970141610776488
0.164	0.971057299167048
0.166	0.9718622538857
0.168	0.972556602045084
0.17	0.973140487571929
0.172	0.973614071124373
0.174	0.973977530006009
0.176	0.974231058076702
0.178	0.974374865660211
0.18	0.974409179448644
0.182	0.974334242403815
0.184	0.974150313655506
0.186	0.973857668396698
0.188	0.973456597775815
0.19	0.972947408786003
0.192	0.972330424151508
0.194	0.971605982211184
0.196	0.970774436799179
0.198	0.969836157122841
0.2	0.9687915276379
0.202	0.967640947920951
0.204	0.966384832539306
0.206	0.965023610918252
0.208	0.963557727205759
0.21	0.961987640134692
0.212	0.960313822882574
0.214	0.95853676292895
0.216	0.956656961910397
0.218	0.954674935473229
0.22	0.952591213123961
0.222	0.95040633807756
0.224	0.948120867103553
0.226	0.945735370370035
0.228	0.943250431285624
0.23	0.940666646339428
0.232	0.937984624939062
0.234	0.935204989246779
0.236	0.932328374013756
0.238	0.929355426412595
0.24	0.926286805868099
0.242	0.923123183886354
0.244	0.919865243882199
0.246	0.91651368100511
0.248	0.913069201963576
0.25	0.909532524848
0.252	0.905904378952189
0.254	0.902185504593496
0.256	0.898376652931645
0.258	0.894478585786313
0.26	0.890492075453512
0.262	0.886417904520835
0.264	0.882256865681606
0.266	0.878009761548002
0.268	0.873677404463188
0.27	0.869260616312533
0.272	0.86476022833395
0.274	0.86017708092741
0.276	0.855512023463702
0.278	0.850765914092474
0.28	0.845939619549609
0.282	0.841034014964009
0.284	0.836049983663808
0.286	0.8309884169821
0.288	0.825850214062206
0.29	0.820636281662552
0.292	0.815347533961193
0.294	0.809984892360059
0.296	0.804549285288944
0.298	0.799041648009308
0.3	0.793462922417942
0.302	0.787814056850545
0.304	0.782096005885245
0.306	0.776309730146154
0.308	0.770456196106959
0.31	0.764536375894633
0.312	0.758551247093297
0.314	0.752501792548287
0.316	0.746389000170471
0.318	0.740213862740869
0.32	0.733977377715609
0.322	0.727680547031282
0.324	0.721324376910731
0.326	0.714909877669321
0.328	0.708438063521738
0.33	0.701909952389353
0.332	0.695326565708213
0.334	0.688688928237674
0.336	0.681998067869743
0.338	0.675255015439164
0.34	0.668460804534279
0.342	0.661616471308723
0.344	0.654723054293975
0.346	0.647781594212822
0.348	0.640793133793753
0.35	0.633758717586356
0.352	0.62667939177771
0.354	0.619556204009853
0.356	0.612390203198332
0.358	0.60518243935189
0.36	0.597933963393311
0.362	0.590645826981468
0.364	0.583319082334605
0.366	0.575954782054879
0.368	0.568553978954213
0.37	0.561117725881466
0.372	0.553647075550974
0.374	0.546143080372483
0.376	0.538606792282504
0.378	0.531039262577115
0.38	0.523441541746252
0.382	0.515814679309501
0.384	0.508159723653431
0.386	0.500477721870484
0.388	0.49276971959945
0.39	0.485036760867565
0.392	0.477279887934233
0.394	0.469500141136417
0.396	0.461698558735704
0.398	0.453876176767087
0.4	0.446034028889458
0.402	0.438173146237864
0.404	0.430294557277515
0.406	0.422399287659587
0.408	0.414488360078828
0.41	0.406562794132983
0.412	0.398623606184063
0.414	0.390671809221463
0.416	0.38270841272696
0.418	0.374734422541586
0.42	0.366750840734413
0.422	0.358758665473245
0.424	0.350758890897232
0.426	0.342752506991437
0.428	0.334740499463336
0.43	0.326723849621294
0.432	0.318703534254997
0.434	0.310680525517877
0.436	0.302655790811516
0.438	0.294630292672053
0.44	0.286604988658587
0.442	0.278580831243601
0.444	0.270558767705389
0.446	0.262539740022518
0.448	0.254524684770302
0.45	0.246514533019319
0.452	0.238510210235951
0.454	0.230512636184963
0.456	0.222522724834124
0.458	0.214541384260858
0.46	0.206569516560946
0.462	0.198608017759254
0.464	0.190657777722515
0.466	0.182719680074138
0.468	0.174794602111061
0.47	0.166883414722632
0.472	0.158986982311527
0.474	0.151106162716693
0.476	0.143241807138314
0.478	0.135394760064801
0.48	0.127565859201791
0.482	0.119755935403157
0.484	0.111965812604019
0.486	0.104196307755757
0.488	0.0964482307630006
0.49	0.08872238442261
0.492	0.0810195643646251
0.494	0.0733405589951772
0.496	0.0656861494413573
0.498	0.0580571094980284
0.5	0.0504542055765713
0.502	0.0428781966555564
0.504	0.0353298342333253
0.506	0.0278098622824763
0.508	0.0203190172062388
0.51	0.0128580277967226
0.512	0.00542761519503381
0.514	-0.00197150714676143
0.516	-0.00933863350183003
0.518	-0.0166730659029512
0.52	-0.0239741141750746
0.522	-0.0312410959660977
0.524	-0.0384733367758512
0.526	-0.0456701699833304
0.528	-0.0528309368721723
0.53	-0.0599549866544053
0.532	-0.0670416764924773
0.534	-0.0740903715195944
0.536	-0.0811004448583668
0.538	-0.0880712776377992
0.54	-0.0950022590086283
0.542	-0.101892786157034
0.544	-0.10874226431674
0.546	-0.115550106779519
0.548	-0.122315734904124
0.55	-0.12903857812367
0.552	-0.13571807395147
0.554	-0.142353667985363
0.556	-0.148944813910535
0.558	-0.155490973500874
0.56	-0.161991616618855
0.562	-0.168446221213993
0.564	-0.174854273319877
0.566	-0.181215267049807
0.568	-0.187528704591051
0.57	-0.19379409619775
0.572	-0.200010960182481
0.574	-0.20617882290651
0.576	-0.212297218768748
0.578	-0.218365690193435
0.58	-0.224383787616573
0.582	-0.230351069471124
0.584	-0.236267102171003
0.586	-0.242131460093884
0.588	-0.247943725562829
0.59	-0.253703488826789
0.592	-0.259410348039964
0.594	-0.26506390924007
0.596	-0.270663786325526
0.598	-0.276209601031575
0.6	-0.281700982905378
0.602	-0.28713756928008
0.604	-0.292519005247889
0.606	-0.297844943632183
0.608	-0.303115044958661
0.61	-0.308328977425568
0.612	-0.313486416873008
0.614	-0.318587046751375
0.616	-0.323630558088914
0.618	-0.328616649458439
0.62	-0.333545026943232
0.622	-0.338415404102129
0.624	-0.343227501933844
0.626	-0.34798104884051
0.628	-0.352675780590505
0.63	-0.357311440280535
0.632	-0.361887778297047
0.634	-0.366404552276941
0.636	-0.37086152706764
0.638	-0.37525847468652
0.64	-0.379595174279722
0.642	-0.383871412080376
0.644	-0.388086981366239
0.646	-0.392241682416784
0.648	-0.396335322469754
0.65	-0.400367715677193
0.652	-0.404338683060987
0.654	-0.408248052467921
0.656	-0.41209565852428
0.658	-0.415881342590012
0.66	-0.419604952712462
0.662	-0.423266343579712
0.664	-0.426865376473532
0.666	-0.43040191922196
0.668	-0.433875846151545
0.67	-0.437287038039245
0.672	-0.440635382064024
0.674	-0.443920771758146
0.676	-0.44714310695819
0.678	-0.450302293755805
0.68	-0.453398244448222
0.682	-0.456430877488532
0.684	-0.459400117435754
0.686	-0.462305894904706
0.688	-0.4651481465157
0.69	-0.467926814844061
0.692	-0.470641848369505
0.694	-0.473293201425385
0.696	-0.475880834147805
0.698	-0.478404712424642
0.7	-0.480864807844469
0.702	-0.483261097645407
0.704	-0.485593564663908
0.706	-0.487862197283499
0.708	-0.490066989383478
0.71	-0.492207940287605
0.712	-0.494285054712762
0.714	-0.496298342717639
0.716	-0.498247819651423
0.718	-0.500133506102515
0.72	-0.501955427847297
0.722	-0.503713615798941
0.724	-0.505408105956289
0.726	-0.507038939352804
0.728	-0.508606162005608
0.73	-0.51010982486462
0.732	-0.511549983761796
0.734	-0.512926699360489
0.736	-0.514240037104938
0.738	-0.515490067169898
0.74	-0.516676864410404
0.742	-0.517800508311705
0.744	-0.518861082939358
0.746	-0.519858676889497
0.748	-0.520793383239282
0.75	-0.521665299497542
0.752	-0.522474527555618
0.754	-0.523221173638407
0.756	-0.523905348255629
0.758	-0.524527166153309
0.76	-0.525086746265494
0.762	-0.525584211666195
0.764	-0.52601968952159
0.766	-0.526393311042452
0.768	-0.526705211436856
0.77	-0.52695552986313
0.772	-0.52714440938308
0.774	-0.527271996915487
0.776	-0.52733844318988
0.778	-0.527343902700592
0.78	-0.527288533661101
0.782	-0.527172497958672
0.784	-0.526995961109283
0.786	-0.52675909221286
0.788	-0.526462063908815
0.79	-0.526105052331888
0.792	-0.525688237068311
0.794	-0.525211801112274
0.796	-0.524675930822718
0.798	-0.524080815880449
0.8	-0.523426649245573
0.802	-0.522713627115261
0.804	-0.521941948881837
0.806	-0.521111817091205
0.808	-0.520223437401603
0.81	-0.519277018542697
0.812	-0.518272772275003
0.814	-0.517210913349661
0.816	-0.516091659468533
0.818	-0.514915231244652
0.82	-0.513681852163007
0.822	-0.512391748541675
0.824	-0.511045149493285
0.826	-0.509642286886841
0.828	-0.508183395309874
0.83	-0.506668712030945
0.832	-0.505098476962488
0.834	-0.503472932624
0.836	-0.501792324105567
0.838	-0.500056899031744
0.84	-0.498266907525761
0.842	-0.496422602174084
0.844	-0.494524237991309
0.846	-0.492572072385398
0.848	-0.490566365123247
0.85	-0.488507378296599
0.852	-0.48639537628829
0.854	-0.484230625738821
0.856	-0.482013395513271
0.858	-0.47974395666854
0.86	-0.477422582420915
0.862	-0.475049548113962
0.864	-0.472625131186752
0.866	-0.470149611142398
0.868	-0.46762326951692
0.87	-0.465046389848418
0.872	-0.462419257646576
0.874	-0.45974216036246
0.876	-0.457015387358638
0.878	-0.454239229879605
0.88	-0.451413981022509
0.882	-0.448539935708183
0.884	-0.445617390652471
0.886	-0.442646644337855
0.888	-0.439627996985365
0.89	-0.436561750526792
0.892	-0.433448208577175
0.894	-0.430287676407575
0.896	-0.42708046091813
0.898	-0.423826870611386
0.9	-0.420527215565895
0.902	-0.417181807410091
0.904	-0.413790959296423
0.906	-0.410354985875754
0.908	-0.406874203272023
0.91	-0.40334892905715
0.912	-0.3997794822262
0.914	-0.396166183172797
0.916	-0.392509353664772
0.918	-0.388809316820059
0.92	-0.385066397082821
0.922	-0.381280920199815
0.924	-0.377453213196974
0.926	-0.373583604356225
0.928	-0.369672423192522
0.93	-0.36572000043109
0.932	-0.361726667984896
0.934	-0.357692758932311
0.936	-0.35361860749499
0.938	-0.349504549015944
0.94	-0.345350919937818
0.942	-0.34115805778135
0.944	-0.336926301124028
0.946	-0.332655989578927
0.948	-0.328347463773732
0.95	-0.324001065329929
0.952	-0.319617136842179
0.954	-0.315196021857854
0.956	-0.310738064856741
0.958	-0.306243611230909
0.96	-0.301713007264727
0.962	-0.297146600115045
0.964	-0.292544737791516
0.966	-0.28790776913707
0.968	-0.283236043808523
0.97	-0.278529912257336
0.972	-0.273789725710497
0.974	-0.269015836151538
0.976	-0.264208596301681
0.978	-0.259368359601109
0.98	-0.254495480190347
0.982	-0.249590312891775
0.984	-0.244653213191237
0.986	-0.239684537219776
0.988	-0.234684641735458
0.99	-0.229653884105313
0.992	-0.224592622287366
0.994	-0.219501214812764
0.996	-0.214380020768002
0.998	-0.209229399777232
