-1	0.326062264254572	-0.0934613445878458	-1.1793114251559
-0.998	0.326048647801542	-0.0958461287354655	-1.20555043708651
-0.996	0.326034647946348	-0.0982838589062695	-1.23225830292695
-0.994	0.326020254937756	-0.100775477923178	-1.25944013144973
-0.992	0.326005458808971	-0.103321938787494	-1.28710099166493
-0.99	0.32599024937383	-0.10592420459575	-1.31524590917759
-0.988	0.325974616222945	-0.108583248449182	-1.34387986245855
-0.986	0.325958548719812	-0.111300053355662	-1.37300777902813
-0.984	0.325942035996881	-0.114075612123905	-1.40263453155262
-0.982	0.325925066951584	-0.116910927249788	-1.43276493385326
-0.98	0.325907630242321	-0.119807010794592	-1.46340373682751
-0.978	0.325889714284419	-0.122764884255004	-1.49455562428256
-0.976	0.325871307246039	-0.125785578424699	-1.52622520868103
-0.974	0.32585239704406	-0.128870133247321	-1.55841702679874
-0.972	0.32583297133991	-0.132019597660694	-1.5911355352948
-0.97	0.325813017535382	-0.135235029432085	-1.62438510619401
-0.968	0.325792522768391	-0.138517494984349	-1.65817002228172
-0.966	0.325771473908717	-0.141868069212767	-1.69249447241164
-0.964	0.325749857553702	-0.14528783529242	-1.72736254672659
-0.962	0.325727660023919	-0.148777884475919	-1.76277823179281
-0.96	0.325704867358804	-0.152339315881308	-1.79874540564832
-0.958	0.325681465312263	-0.155973236269991	-1.83526783276558
-0.956	0.325657439348242	-0.159680759814488	-1.8723491589294
-0.954	0.325632774636274	-0.16346300785587	-1.90999290603061
-0.952	0.325607456046991	-0.167321108650696	-1.94820246677619
-0.95	0.32558146814761	-0.171256197107283	-1.98698109931686
-0.948	0.325554795197398	-0.175269414511155	-2.02633192179294
-0.946	0.325527421143103	-0.179361908239501	-2.06625790679955
-0.944	0.325499329614365	-0.183534831464482	-2.10676187577211
-0.942	0.325470503919105	-0.187789342845235	-2.14784649329356
-0.94	0.32544092703889	-0.192126606208406	-2.18951426132425
-0.938	0.325410581624276	-0.196547790217075	-2.23176751335612
-0.936	0.325379449990138	-0.201054068027909	-2.27460840849247
-0.934	0.32534751411097	-0.205646616936405	-2.31803892545485
-0.932	0.325314755616183	-0.210326618010075	-2.36206085651877
-0.93	0.325281155785379	-0.215095255709429	-2.40667580137991
-0.928	0.325246695543611	-0.219953717496626	-2.45188516095266
-0.926	0.325211355456635	-0.224903193431655	-2.49769013110284
-0.924	0.32517511572615	-0.229944875755918	-2.54409169631672
-0.922	0.325137956185029	-0.235079958463089	-2.59109062330843
-0.92	0.325099856292541	-0.240309636857125	-2.63868745456786
-0.918	0.325060795129576	-0.245635107097317	-2.68688250185159
-0.916	0.325020751393853	-0.251057565730274	-2.73567583961904
-0.914	0.324979703395138	-0.256578209208715	-2.78506729841653
-0.912	0.32493762905046	-0.262198233396989	-2.8350564582118
-0.91	0.324894505879323	-0.267918833063213	-2.88564264168179
-0.908	0.324850310998931	-0.273741201357938	-2.93682490745646
-0.906	0.324805021119413	-0.279666529279269	-2.98860204332172
-0.904	0.324758612539062	-0.285696005124347	-3.04097255938433
-0.902	0.32471106113958	-0.29183081392712	-3.09393468120224
-0.9	0.324662342381337	-0.298072136882361	-3.14748634288336
-0.898	0.32461243129865	-0.304421150755833	-3.20162518015642
-0.896	0.324561302495072	-0.310879027280586	-3.25634852341716
-0.894	0.324508930138709	-0.317446932539315	-3.31165339075376
-0.892	0.324455287957552	-0.324126026332762	-3.36753648095503
-0.89	0.324400349234843	-0.330917461534108	-3.42399416650529
-0.888	0.324344086804459	-0.337822383429356	-3.48102248656989
-0.886	0.324286473046332	-0.344841929043668	-3.53861713997544
-0.884	0.324227479881906	-0.351977226453671	-3.59677347818898
-0.882	0.324167078769617	-0.359229394085719	-3.65548649830031
-0.88	0.324105240700425	-0.366599540000126	-3.71475083601192
-0.878	0.324041936193382	-0.374088761161387	-3.77456075864106
-0.876	0.32397713529124	-0.381698142694432	-3.83491015813859
-0.874	0.323910807556116	-0.38942875712692	-3.89579254412936
-0.872	0.323842922065199	-0.397281663617659	-3.95720103697888
-0.87	0.323773447406515	-0.405257907171168	-4.01912836089142
-0.868	0.323702351674747	-0.413358517838492	-4.08156683704443
-0.866	0.323629602467113	-0.421584509904315	-4.14450837676458
-0.864	0.323555166879313	-0.42993688106047	-4.20794447475073
-0.862	0.323479011501535	-0.438416611565949	-4.27186620234906
-0.86	0.323401102414537	-0.447024663393528	-4.33626420088609
-0.858	0.323321405185797	-0.455761979363103	-4.40112867506497
-0.856	0.323239884865743	-0.464629482261905	-4.46644938643093
-0.854	0.323156505984064	-0.473628073951703	-4.53221564691151
-0.852	0.323071232546099	-0.482758634463187	-4.59841631243768
-0.85	0.32298402802932	-0.492022021077657	-4.66503977665166
-0.848	0.322894855379903	-0.501419067396236	-4.73207396470757
-0.846	0.322803677009394	-0.510950582396772	-4.79950632717124
-0.844	0.32271045479147	-0.520617349478657	-4.8673238340252
-0.842	0.322615150058812	-0.530420125495749	-4.93551296878546
-0.84	0.322517723600072	-0.540359639777658	-5.00405972273632
-0.838	0.322418135656959	-0.550436593139617	-5.07294958928979
-0.836	0.322316345921437	-0.560651656881211	-5.14216755847642
-0.834	0.322212313533036	-0.571005471774218	-5.2116981115738
-0.832	0.322105997076293	-0.581498647039848	-5.28152521587991
-0.83	0.321997354578317	-0.592131759315684	-5.35163231963787
-0.828	0.321886343506476	-0.60290535161263	-5.42200234711905
-0.826	0.321772920766232	-0.613819932262192	-5.49261769387158
-0.824	0.321657042699104	-0.624875973854411	-5.56346022214103
-0.822	0.321538665080782	-0.636073912166839	-5.63451125647061
-0.82	0.321417743119378	-0.647414145084884	-5.70575157948778
-0.818	0.321294231453843	-0.658897031513927	-5.77716142788454
-0.816	0.321168084152523	-0.670522890283598	-5.84872048859852
-0.814	0.321039254711892	-0.682291999044621	-5.92040789520224
-0.812	0.320907696055435	-0.694204593158651	-5.99220222450764
-0.81	0.320773360532712	-0.706260864581548	-6.06408149339331
-0.808	0.320636199918589	-0.718460960740516	-6.13602315586167
-0.806	0.320496165412646	-0.73080498340562	-6.20800410033354
-0.804	0.320353207638775	-0.74329298755611	-6.28000064718733
-0.802	0.320207276644957	-0.755924980242092	-6.35198854655024
-0.8	0.320058321903235	-0.768700919442023	-6.42394297634901
-0.798	0.319906292309883	-0.781620712916593	-6.49583854062732
-0.796	0.319751136185775	-0.794684217059497	-6.56764926813742
-0.794	0.319592801276959	-0.807891235745681	-6.6393486112132
-0.792	0.319431234755445	-0.821241519177619	-6.71090944493215
-0.79	0.319266383220199	-0.834734762730204	-6.78230406657332
-0.788	0.319098192698369	-0.848370605794867	-6.85350419537885
-0.786	0.318926608646721	-0.862148630623516	-6.92448097262595
-0.784	0.318751575953313	-0.876068361172953	-6.99520496201685
-0.782	0.318573038939404	-0.890129261950371	-7.06564615039359
-0.78	0.318390941361587	-0.904330736860637	-7.13577394878499
-0.778	0.318205226414183	-0.918672128055983	-7.20555719379252
-0.776	0.318015836731868	-0.933152714788836	-7.27496414932235
-0.774	0.317822714392555	-0.947771712268444	-7.34396250867022
-0.772	0.317625800920539	-0.962528270522047	-7.41251939696596
-0.77	0.317425037289891	-0.977421473261284	-7.48060137398445
-0.768	0.317220363928128	-0.992450336754617	-7.54817443732955
-0.766	0.317011720720148	-1.00761380870648	-7.61520402599751
-0.764	0.316799047012437	-1.02291076714394	-7.68165502432625
-0.762	0.316582281617558	-1.03834001931169	-7.74749176633673
-0.76	0.316361362818924	-1.05390030057605	-7.81267804047267
-0.758	0.316136228375856	-1.0695902733389	-7.87717709474447
-0.756	0.315906815528933	-1.0854085259623	-7.94095164228333
-0.754	0.315673061005641	-1.10135357170464	-8.00396386731112
-0.752	0.315434901026318	-1.11742384766913	-8.06617543153176
-0.75	0.315192271310405	-1.13361771376553	-8.1275474809493
-0.748	0.314945107083013	-1.14993345168589	-8.18804065311806
-0.746	0.314693343081787	-1.16636926389531	-8.2476150848298
-0.744	0.314436913564106	-1.18292327263844	-8.30623042024277
-0.742	0.314175752314587	-1.19959351896271	-8.36384581945729
-0.74	0.313909792652925	-1.21637796175919	-8.42041996754238
-0.738	0.313638967442058	-1.23327447682193	-8.47591108401753
-0.736	0.31336320909666	-1.25028085592669	-8.53027693279383
-0.734	0.31308244959198	-1.2673948059301	-8.583474832578
-0.732	0.312796620473011	-1.28461394788999	-8.63546166774314
-0.73	0.312505652864007	-1.30193581620805	-8.68619389966934
-0.728	0.312209477478346	-1.31935785779551	-8.73562757855723
-0.726	0.311908024628741	-1.33687743126304	-8.78371835571737
-0.724	0.311601224237809	-1.35449180613564	-8.83042149633793
-0.722	0.311289005848991	-1.37219816209356	-8.87569189273294
-0.72	0.310971298637833	-1.3899935882402	-8.91948407807315
-0.718	0.310648031423631	-1.40787508239798	-8.96175224060116
-0.716	0.31031913268144	-1.42583955043308	-9.00245023833219
-0.714	0.30998453055445	-1.44388380561008	-9.04153161424172
-0.712	0.309644152866734	-1.46200456797753	-9.07894961194058
-0.71	0.309297927136366	-1.48019846378524	-9.11465719183824
-0.708	0.30894578058892	-1.49846202493447	-9.14860704779418
-0.706	0.308587640171338	-1.5167916884619	-9.18075162425733
-0.704	0.308223432566186	-1.53518379605836	-9.21104313389309
-0.702	0.307853084206285	-1.55363459362326	-9.23943357569688
-0.7	0.307476521289728	-1.57214023085579	-9.2658747535933
-0.698	0.307093669795282	-1.59069676088379	-9.29031829551898
-0.696	0.306704455498174	-1.60930013993126	-9.31271567298761
-0.694	0.306308803986269	-1.62794622702544	-9.33301822113443
-0.692	0.305906640676631	-1.64663078374454	-9.3511771592379
-0.69	0.305497890832478	-1.66534947400694	-9.36714361171523
-0.688	0.305082479580528	-1.68409786390281	-9.38086862958839
-0.686	0.304660331928732	-1.70287142156924	-9.39230321241698
-0.684	0.304231372784401	-1.72166551710959	-9.40139833069345
-0.682	0.303795526972731	-1.74047542255812	-9.40810494869623
-0.68	0.303352719255707	-1.75929631189086	-9.41237404779578
-0.678	0.302902874351414	-1.7781232610834	-9.41415665020799
-0.676	0.30244591695373	-1.79695124821675	-9.41340384318923
-0.674	0.301981771752411	-1.81577515363194	-9.41006680366673
-0.672	0.301510363453576	-1.8345897601344	-9.40409682329764
-0.67	0.30103161680057	-1.85338975324879	-9.39544533394965
-0.668	0.300545456595224	-1.87216972152526	-9.38406393359572
-0.666	0.300051807719501	-1.89092415689789	-9.36990441261486
-0.664	0.299550595157528	-1.90964745509615	-9.35291878049072
-0.662	0.299041744018013	-1.92833391611012	-9.33305929289907
-0.66	0.298525179557042	-1.94697774471029	-9.31027847917503
-0.658	0.298000827201265	-1.96557305102263	-9.28452917015025
-0.656	0.297468612571451	-1.98411385115975	-9.25576452635011
-0.654	0.296928461506425	-2.00259406790876	-9.22393806654018
-0.652	0.296380300087377	-2.02100753147658	-9.18900369661115
-0.65	0.29582405466254	-2.03934798029337	-9.15091573879069
-0.648	0.295259651872236	-2.05760906187464	-9.1096289611705
-0.646	0.294687018674286	-2.0757843337428	-9.06509860753604
-0.644	0.29410608236978	-2.09386726440859	-9.0172804274866
-0.642	0.293516770629202	-2.11185123441308	-8.96613070683208
-0.64	0.292919011518908	-2.12972953743069	-8.91160629825331
-0.638	0.292312733527948	-2.14749538143381	-8.85366465221167
-0.636	0.29169786559524	-2.16514188991948	-8.79226384809363
-0.634	0.291074337137069	-2.18266210319854	-8.72736262557534
-0.632	0.29044207807493	-2.20004897974779	-8.65892041619204
-0.63	0.28980101886369	-2.21729539762538	-8.58689737509648
-0.628	0.289151090520078	-2.23439415595	-8.51125441299042
-0.626	0.288492224651486	-2.25133797644401	-8.4319532282125
-0.624	0.287824353485086	-2.26811950504093	-8.34895633896577
-0.622	0.287147409897237	-2.28473131355751	-8.26222711566732
-0.62	0.286461327443206	-2.30116590143057	-8.17172981340268
-0.618	0.285766040387166	-2.3174156975189	-8.07742960446651
-0.616	0.285061483732478	-2.33347306197023	-7.97929261097135
-0.614	0.284347593252254	-2.34933028815358	-7.87728593750571
-0.612	0.28362430552018	-2.36497960465683	-7.77137770382191
-0.61	0.282891557941601	-2.38041317734978	-7.66153707753472
-0.608	0.282149288784857	-2.3956231115126	-7.5477343068103
-0.606	0.281397437212864	-2.41060145402952	-7.42994075302573
-0.604	0.28063594331492	-2.42534019564794	-7.30812892337822
-0.602	0.279864748138748	-2.43983127330259	-7.18227250342348
-0.6	0.279083793722742	-2.45406657250471	-7.0523463895217
-0.598	0.278293023128425	-2.46803792979604	-6.91832672117005
-0.596	0.277492380473105	-2.48173713526726	-6.78019091319969
-0.594	0.276681810962713	-2.4951559351408	-6.63791768781545
-0.592	0.275861260924812	-2.50828603441741	-6.49148710645573
-0.59	0.275030677841785	-2.52111909958636	-6.34088060145028
-0.588	0.27419001038416	-2.53364676139869	-6.18608100745304
-0.586	0.273339208444091	-2.54586061770308	-6.02707259262687
-0.584	0.272478223168963	-2.55775223634381	-5.86384108955733
-0.582	0.271607006995121	-2.56931315812033	-5.69637372587179
-0.58	0.270725513681707	-2.58053489980764	-5.5246592545405
-0.578	0.269833698344588	-2.59140895723702	-5.34868798383589
-0.576	0.268931517490375	-2.60192680843631	-5.16845180692607
-0.574	0.268018929050509	-2.61207991682893	-4.98394423107856
-0.572	0.267095892415406	-2.62185973449096	-4.79516040645038
-0.57	0.266162368468647	-2.63125770546538	-4.60209715443976
-0.568	0.265218319621202	-2.64026526913245	-4.40475299557562
-0.566	0.264263709845671	-2.64887386363552	-4.20312817692009
-0.564	0.263298504710527	-2.65707492936104	-3.99722469895985
-0.562	0.262322671414361	-2.66485991247188	-3.78704634196164
-0.56	0.261336178820087	-2.67222026849274	-3.57259869176758
-0.558	0.260338997489126	-2.67914746594667	-3.35388916500557
-0.556	0.259331099715526	-2.68563299004129	-3.13092703369071
-0.554	0.258312459560022	-2.69166834640369	-2.90372344919273
-0.552	0.257283052884012	-2.69724506486251	-2.67229146554558
-0.55	0.256242857383437	-2.70235470327605	-2.43664606207452
-0.548	0.255191852622546	-2.70698885140488	-2.19680416531664
-0.546	0.254130020067538	-2.71113913482756	-1.95278467021065
-0.544	0.253057343120058	-2.71479721889804	-1.70460846053207
-0.542	0.251973807150533	-2.71795481274309	-1.45229842854984
-0.54	0.250879399531336	-2.72060367329832	-1.19587949388091
-0.538	0.249774109669755	-2.72273560938099	-0.93537862151923
-0.536	0.248657929040757	-2.7243424857981	-0.670824839015927
-0.534	0.247530851219528	-2.72541622748802	-0.402249252787784
-0.532	0.246392871913773	-2.72594882369371	-0.129685063531148
-0.53	0.245243988995753	-2.72593233216595	0.14683241928113
-0.528	0.244084202534059	-2.72535888339464	0.427265763841768
-0.526	0.242913514825082	-2.7242206848662	0.711575403412277
-0.524	0.241731930424187	-2.72251002534523	0.99971962470841
-0.522	0.240539456176555	-2.72021927917836	1.29165455728942
-0.52	0.239336101247681	-2.71734091061833	1.58733416397147
-0.518	0.238121877153522	-2.71386747816621	1.88671023228591
-0.516	0.236896797790254	-2.7097916389296	2.18973236700206
-0.514	0.235660879463647	-2.70510615299476	2.49634798373414
-0.512	0.234414140918024	-2.69980388781035	2.8065023036513
-0.51	0.233156603364784	-2.69387782258073	3.1201383493094
-0.508	0.231888290510491	-2.68732105266637	3.43719694162227
-0.506	0.230609228584486	-2.68012679398922	3.75761669799035
-0.504	0.229319446366023	-2.6722883874406	4.08133403160326
-0.502	0.228018975210904	-2.66379930328939	4.40828315193306
-0.5	0.2267078490776	-2.65465314558789	4.73839606643352
-0.498	0.225386104552826	-2.64484365657319	5.07160258346121
-0.496	0.224053780876577	-2.63436472106142	5.40783031643224
-0.494	0.222710919966584	-2.6232103708324	5.74700468922925
-0.492	0.221357566442188	-2.61137478900227	6.0890489428713
-0.49	0.219993767647603	-2.59885231438149	6.43388414345975
-0.488	0.218619573674561	-2.58563744581563	6.78142919141149
-0.486	0.217235037384316	-2.57172484650646	7.13160083199103
-0.484	0.215840214428987	-2.5571093483106	7.48431366715166
-0.482	0.214435163272232	-2.54178595601324	7.83948016869544
-0.48	0.213019945209227	-2.52574985157414	8.19701069276055
-0.478	0.211594624385935	-2.50899639834337	8.55681349564478
-0.476	0.210159267817653	-2.49152114524406	8.91879475097153
-0.474	0.208713945406814	-2.47331983091944	9.28285856820553
-0.472	0.20725872996003	-2.45438838784155	9.64890701252346
-0.47	0.205793697204365	-2.43472294637876	10.0168401260444
-0.468	0.204318925802806	-2.41431983881954	10.386555950424
-0.466	0.202834497368938	-2.39317560334969	10.7579505508153
-0.464	0.201340496480787	-2.37128698798018	11.1309180411982
-0.462	0.199837010693827	-2.34865095442309	11.5053506110796
-0.46	0.198324130553132	-2.32526468191264	11.8811385535631
-0.458	0.19680194960466	-2.30112557096886	12.2581702947891
-0.456	0.195270564405646	-2.27623124710091	12.6363324247423
-0.454	0.193730074534099	-2.2505795644474	13.0155097294259
-0.452	0.19218058259739	-2.22416860935111	13.395585224397
-0.45	0.190622194239898	-2.19699670386518	13.7764401896602
-0.448	0.189055018149723	-2.16906240918821	14.1579542059138
-0.446	0.187479166064445	-2.14036452902548	14.5400051921411
-0.444	0.1858947527759	-2.11090211287369	14.9224694445411
-0.442	0.184301896133987	-2.0806744592265	15.3052216767888
-0.44	0.18270071704947	-2.04968111869819	15.6881350616168
-0.438	0.181091339495776	-2.01792189706288	16.0710812737067
-0.436	0.179473890509771	-1.98539685820667	16.4539305338798
-0.434	0.177848500191502	-1.95210632699009	16.8365516545748
-0.432	0.176215301702897	-1.9180508920183	17.2188120865976
-0.43	0.174574431265411	-1.88323140831659	17.6005779671312
-0.428	0.172926028156605	-1.84764899990858	17.9817141689876
-0.426	0.171270234705647	-1.81130506229465	18.3620843510875
-0.424	0.169607196287731	-1.77420126482826	18.7415510101486
-0.422	0.167937061317398	-1.73633955298769	19.1199755335656
-0.42	0.166259981240755	-1.69772215054079	19.4972182534603
-0.418	0.164576110526576	-1.65835156160053	19.8731385018839
-0.416	0.16288560665629	-1.618230572569	20.2475946671478
-0.414	0.161188630112827	-1.57736225396764	20.6204442512611
-0.412	0.159485344368345	-1.53574996215149	20.991543928452
-0.41	0.157775915870795	-1.49339734090536	21.360749604748
-0.408	0.156060514029352	-1.45030832291978	21.7279164785887
-0.406	0.15433931119868	-1.4064871311447	22.0928991024468
-0.404	0.152612482662042	-1.36193828001902	22.4555514454275
-0.402	0.150880206613239	-1.31666657657393	22.8157269568203
-0.4	0.149142664137386	-1.27067712140817	23.1732786305719
-0.398	0.147400039190504	-1.22397530953356	23.5280590706519
-0.396	0.145652518577944	-1.17656683108882	23.8799205572782
-0.394	0.143900291931625	-1.1284576719202	24.2287151139726
-0.392	0.142143551686089	-1.0796541140271	24.574294575411
-0.39	0.140382493053376	-1.0301627358713	24.9165106560369
-0.388	0.138617313996706	-0.979990412548212	25.2552150194024
-0.386	0.136848215202982	-0.929144315818727	25.5902593482009
-0.384	0.135075400054101	-0.87763191400035	25.921495414957
-0.382	0.133299074597083	-0.825460971716329	26.2487751533347
-0.38	0.131519447513009	-0.772639549501587	26.5719507300276
-0.378	0.129736730084784	-0.719176003264312	26.8908746171914
-0.376	0.127951136163708	-0.665078983602177	27.2053996653808
-0.374	0.126162882134879	-0.610357434972215	27.5153791769496
-0.372	0.124372186881412	-0.555020594713469	27.8206669798744
-0.37	0.122579271747493	-0.499077991921596	28.1211175019595
-0.368	0.120784360500257	-0.442539446174721	28.4165858453825
-0.366	0.11898767929052	-0.385415066109896	28.7069278615368
-0.364	0.117189456612336	-0.327715247849607	28.992000226129
-0.362	0.115389923261418	-0.269450673277872	29.2716605144861
-0.36	0.113589312292408	-0.210632308165552	29.5457672770308
-0.358	0.111787858975018	-0.151271400144578	29.8141801148766
-0.356	0.109985800749036	-0.0913794765309047	30.0767597555017
-0.354	0.108183377178224	-0.0309683419960815	30.3333681284525
-0.352	0.106380829903092	0.029949923912583	30.5838684410333
-0.35	0.104578402592587	0.0913629694031778	30.8281252539343
-0.348	0.102776340894683	0.153258173221502	31.0660045567516
-0.346	0.1009748923859	0.215622647584275	31.2973738433531
-0.344	0.0991743065197511	0.278443241262875	31.5221021870412
-0.342	0.0973748345741411	0.341706542817175	31.7400603154664
-0.34	0.0955767295977198	0.405398883978902	31.9511206852429
-0.338	0.0937802463552112	0.469506343183899	32.1551575562196
-0.336	0.0919856412717285	0.53401474925254	32.3520470653561
-0.334	0.09019317237609	0.598909685217466	32.5416673001585
-0.332	0.0884030992431535	0.664176492297706	32.7238983716242
-0.33	0.0866156829351815	0.729800274018162	32.8986224866485
-0.328	0.0848311859422577	0.795765900473326	33.0657240198447
-0.326	0.0830498721217682	0.862058012734011	33.2250895847287
-0.324	0.0812720066369673	0.928661027395775	33.3766081042215
-0.322	0.0794978558946461	0.995559141267628	33.5201708804188
-0.32	0.0777276874819204	1.06273633619951	33.6556716635825
-0.318	0.0759617701021606	1.13017638404691	33.7830067203045
-0.316	0.0742003735100802	1.19786285177101	33.9020749007959
-0.314	0.0724437684460059	1.2657791066724	34.0127777052539
-0.312	0.0706922265693483	1.33390832175661	34.1150193492595
-0.31	0.0689460203912955	1.40223348122951	34.2087068281599
-0.308	0.0672054232067523	1.47073738612024	34.293749980388
-0.306	0.0654707090255461	1.53940266002985	34.3700615496735
-0.304	0.0637421525029232	1.60821175500311	34.4375572461013
-0.302	0.0620200288693588	1.67714695752132	34.4961558059694
-0.3	0.0603046138597053	1.74619039461354	34.5457790504052
-0.298	0.058596183641702	1.81532404008377	34.5863519426926
-0.296	0.0568950147438733	1.88452972085155	34.61780264427
-0.294	0.0552013839828374	1.95378912340305	34.640062569353
-0.292	0.0535155683900553	2.02308380035014	34.653066438143
-0.29	0.0518378451380433	2.09239517709432	34.6567523285767
-0.288	0.0501684914660765	2.16170455859268	34.6510617265793
-0.286	0.0485077846054112	2.2309931362229	34.6359395747787
-0.284	0.0468560017040528	2.30024199474402	34.6113343196428
-0.282	0.0452134197510969	2.36943211934995	34.5771979570019
-0.28	0.0435803155006728	2.43854440281228	34.5334860759167
-0.278	0.0419569653955167	2.50755965270927	34.4801579008588
-0.276	0.0403436454902047	2.5764585987374	34.4171763321639
-0.274	0.0387406313740737	2.64522190010206	34.3445079847269
-0.272	0.0371481980938613	2.7138301529839	34.2621232249018
-0.27	0.0355666200760924	2.78226389807711	34.1699962055766
-0.268	0.0339961710492447	2.85050362819605	34.0681048993897
-0.266	0.032437123965723	2.91852979594634	33.9564311300577
-0.264	0.0308897509236713	2.98632282145681	33.8349606017858
-0.262	0.0293543230886568	3.05386310016821	33.7036829267315
-0.26	0.0278311106152538	3.12113101067501	33.5625916504954
-0.258	0.0263203825685606	3.18810692261602	33.4116842756127
-0.256	0.0248224068456812	3.25477120461014	33.2509622830204
-0.254	0.0233374500972017	3.3211042322329	33.0804311514777
-0.252	0.0218657776486962	3.3870863960298	32.9001003749162
-0.25	0.0204076534222909	3.45269810956226	32.7099834777
-0.248	0.0189633398583213	3.51791981748202	32.5100980277756
-0.246	0.0175330978371136	3.58273200362962	32.3004656476931
-0.244	0.0161171866009226	3.64711519915292	32.0811120234827
-0.242	0.0147158636760592	3.71104999064106	31.8520669113699
-0.24	0.0133293847952392	3.77451702826983	31.613364142316
-0.238	0.011958003820187	3.83749703395379	31.3650416243708
-0.236	0.0106019726645257	3.89997080950101	31.1071413428262
-0.234	0.00926154121698736	3.96191924476588	30.8397093581612
-0.232	0.00793695726497495	4.02332332579551	30.5627958017696
-0.23	0.00662846641850928	4.08416414296554	30.276454869463
-0.228	0.00533631203459306	4.14442289910054	29.9807448127446
-0.226	0.00406073514202521	4.20408091757481	29.6757279278489
-0.224	0.00280197436669682	4.26311965038907	29.3614705425455
-0.222	0.00156026585740193	4.32152068621844	29.0380430007058
-0.22	0.000335843212194875	4.37926575842732	28.7055196446321
-0.218	-0.000871062594673733	4.43633675304677	28.3639787951536
-0.216	-0.00206022328520994	4.49271571670976	28.0135027294899
-0.214	-0.00323141334948746	4.54838486453998	27.6541776568893
-0.212	-0.00438441011678475	4.60332658798967	27.2860936920474
-0.21	-0.00551899382601623	4.65752346262211	26.9093448263148
-0.208	-0.00663494769542761	4.71095825583429	26.5240288967029
-0.206	-0.00773205799152399	4.76361393451539	26.1302475526991
-0.204	-0.00881011409719945	4.81547367263678	25.7281062209053
-0.202	-0.00986890857903872	4.86652085876905	25.3177140675114
-0.2	-0.0109082372537605	4.91673910352187	24.8991839586228
-0.198	-0.0119278992537726	4.96611224690237	24.4726324184559
-0.196	-0.0129276970918093	5.01462436558782	24.0381795854233
-0.194	-0.0139074367246227	5.06225978010832	23.5959491661261
-0.192	-0.0148669276156974	5.1090030619355	23.1460683872774
-0.19	-0.0158059827969633	5.15483904047291	22.6886679455793
-0.188	-0.0167244189294748	5.1997528099442	22.2238819555767
-0.186	-0.0176220563630322	5.243729736175	21.7518478955169
-0.184	-0.0184987191947161	5.28675546326457	21.2727065512392
-0.182	-0.0193542353263085	5.32881592014318	20.7866019581261
-0.18	-0.0201884365205754	5.36989732701165	20.2936813411447
-0.178	-0.0210011584563833	5.4099862016589	19.7940950530106
-0.176	-0.0217922407826266	5.44906936565414	19.2879965105076
-0.174	-0.022561527170939	5.48713395040978	18.7755421289962
-0.172	-0.0233088653671658	5.52416740311162	18.2568912551488
-0.17	-0.0240341072415733	5.56015749251276	17.7322060979464
-0.168	-0.0247371088377721	5.5950923145878	17.2016516579758
-0.166	-0.0254177304203311	5.62896029804392	16.6653956550671
-0.164	-0.0260758365210609	5.66175020968572	16.1236084543114
-0.162	-0.0267112959839451	5.6934511596304	15.5764629905014
-0.16	-0.0273239820086976	5.72405260637031	15.0241346910367
-0.158	-0.0279137721929278	5.75354436167985	14.4668013973384
-0.156	-0.0284805485728912	5.78191659536372	13.9046432848194
-0.154	-0.0290241976628089	5.80915983984368	13.3378427814537
-0.152	-0.0295446104927367	5.83526499458112	12.7665844849954
-0.15	-0.0300416826449655	5.86022333033278	12.1910550788926
-0.148	-0.0305153142889369	5.88402649323693	11.6114432469476
-0.146	-0.0309654102146575	5.90666650872783	11.0279395867723
-0.144	-0.0313918798645959	5.92813578527574	10.4407365220901
-0.142	-0.0317946373640477	5.9484271179506	9.85002821393667
-0.14	-0.0321736015499539	5.96753369180691	9.25601047081072
-0.138	-0.0325286959981596	5.98544908508805	8.65888065783062
-0.136	-0.0328598490491003	6.00216727224781	8.05883760494876
-0.134	-0.033166993831903	6.01768262678757	7.45608151427974
-0.132	-0.033450068286891	6.03198992390726	6.85081386659769
-0.13	-0.0337090151864829	6.04508434296851	6.24323732705868
-0.128	-0.0339437821544737	6.05696146976854	5.63355565020512
-0.126	-0.0341543216836917	6.06761729862336	5.0219735843093
-0.124	-0.0343405911520198	6.07704823425911	4.40869677511384
-0.122	-0.0345025528367766	6.08525109351026	3.79393166902719
-0.12	-0.0346401739274481	6.09222310682369	3.17788541583285
-0.118	-0.0347534265367662	6.09796191956786	2.56076577097115
-0.116	-0.034842287710126	6.10246559314604	1.94278099745296
-0.114	-0.0349067394333405	6.10573260591313	1.32413976746478
-0.112	-0.0349467686387265	6.10776185389536	0.705051063725055
-0.11	-0.0349623672095208	6.10855265131263	0.0857240806515676
-0.108	-0.0349535319826228	6.10810473090288	-0.533631874599856
-0.106	-0.0349202647496636	6.10641824404859	-1.15280748116528
-0.104	-0.0348625722564007	6.10349376070513	-1.77159350351091
-0.102	-0.034780466200438	6.09933226913113	-2.38978089041944
-0.1	-0.0346739632272731	6.09393517542091	-3.00716087386428
-0.098	-0.0345430849246732	6.08730430283941	-3.62352506771154
-0.096	-0.0343878578153818	6.07944189095984	-4.2386655661898
-0.094	-0.0342083133481617	6.07035059460475	-4.85237504206782
-0.092	-0.0340044878871752	6.06003348259107	-5.46444684448054
-0.09	-0.03377642269971	6.04849403627988	-6.07467509634416
-0.088	-0.0335241639422539	6.03573614793179	-6.68285479130106
-0.086	-0.0332477626449263	6.02176411886904	-7.28878189013607
-0.084	-0.0329472746942742	6.00658265744523	-7.89225341660568
-0.082	-0.0326227608144387	5.99019687682409	-8.49306755262229
-0.08	-0.0322742865467038	5.9726122925686	-9.09102373273627
-0.078	-0.0319019222274347	5.9538348200418	-9.68592273785878
-0.076	-0.0315057429644173	5.93387077162107	-10.2775667881692
-0.074	-0.0310858286116096	5.91272685372739	-10.8657596351514
-0.072	-0.0306422637423177	5.89041016367148	-11.4503066527037
-0.07	-0.0301751376208066	5.86692818631861	-12.0310149272686
-0.0679999999999999	-0.0296845441723627	5.84228879057433	-12.6076933469276
-0.0659999999999999	-0.029170581951819	5.81650022569294	-13.1801526894097
-0.0639999999999999	-0.02863335411056	5.78957111741115	-13.7482057089605
-0.0620000000000001	-0.0280729683620192	5.76151046390914	-14.3116672220201
-0.0600000000000001	-0.0274895369456885	5.73232763160157	-14.8703541916617
-0.0580000000000001	-0.0268831765896534	5.70203235076091	-15.4240858107387
-0.056	-0.0262540084716742	5.67063471097585	-15.9726835836932
-0.054	-0.0256021581788286	5.6381451564475	-16.5159714069791
-0.052	-0.0249277556657365	5.60457448112605	-17.0537756480517
-0.05	-0.0242309352113863	5.56993382369111	-17.585925222879
-0.048	-0.0235118353745815	5.53423466237836	-18.1122516719306
-0.046	-0.0227705989480298	5.49748880965591	-18.6325892346011
-0.044	-0.0220073729110948	5.4597084067533	-19.1467749220251
-0.042	-0.0212223083812335	5.42090591804667	-19.6546485882429
-0.04	-0.0204155605641398	5.38109412530309	-20.1560529996784
-0.038	-0.0195872887026203	5.3402861217878	-20.6508339028891
-0.036	-0.0187376560242227	5.29849530623768	-21.1388400905519
-0.034	-0.0178668296876429	5.25573537670448	-21.6199234656479
-0.032	-0.0169749807279355	5.21202032427156	-22.0939391038131
-0.03	-0.0160622840005507	5.16736442664782	-22.5607453138192
-0.028	-0.0151289181242262	5.12178224164248	-23.0202036961546
-0.026	-0.0141750654227584	5.07528860052471	-23.4721791996741
-0.024	-0.0132009118656788	5.02789860127186	-23.9165401762876
-0.022	-0.0122066470078652	4.97962760171031	-24.3531584336607
-0.02	-0.011192463928112	4.93049121255298	-24.7819092859003
-0.018	-0.0101585591666902	4.88050529033738	-25.2026716022006
-0.016	-0.00910513266192353	4.82968593026859	-25.6153278534247
-0.014	-0.00803238768581005	4.77804945897102	-26.0197641566016
-0.012	-0.0069405307787177	4.72561242715336	-26.4158703173161
-0.01	-0.0058297716831846	4.67239160219084	-26.8035398699741
-0.00800000000000001	-0.00470032327685171	4.61840396062912	-27.1826701159241
-0.00600000000000001	-0.00355240150455904	4.56366668061405	-27.5531621594196
-0.004	-0.00238622530963573	4.50819713425174	-27.9149209414081
-0.002	-0.00120201656441438	4.45201287990321	-28.2678552711321
0	0	4.39513165441799	-28.611877855533
0.002	0.00121959686467482	4.33757136531119	-28.9469053264444
0.004	0.00245654379447724	4.27935008288835	-29.2728582655696
0.00600000000000001	0.00371060791035271	4.22048603232262	-29.5896612272341
0.00800000000000001	0.00498155376222303	4.16099758568856	-29.8972427589088
0.01	0.00626914340247231	4.10090325395722	-30.1955354194983
0.012	0.00757313645998764	4.04022167895684	-30.4844757953943
0.014	0.0088932902147239	3.97897162530371	-30.764004514291
0.016	0.0102293596727599	3.91717197230757	-31.034066256764
0.018	0.0115810976418123	3.85484170585617	-31.2946097656145
0.02	0.0129482548071769	3.79199991028331	-31.5455878529831
0.022	0.0143305798080631	3.72866576022492	-31.7869574052371
0.024	0.0157278193142898	3.66485851246755	-32.0186793856385
0.026	0.0171397181033097	3.60059749779376	-32.2407188348009
0.028	0.0185660191375295	3.53590211282884	-32.4530448689446
0.03	0.0200064636418946	3.47079181189309	-32.65563067596
0.032	0.0214607911817025	3.40528609886429	-32.8484535092936
0.034	0.0229287397406164	3.33940451905449	-33.0314946796677
0.036	0.0244100457988434	3.27316665110554	-33.2047395446519
0.038	0.0259044444114465	3.20659209890757	-33.3681774960999
0.04	0.0274116692867572	3.13970048354481	-33.5218019454724
0.042	0.0289314528648579	3.07251143527274	-33.6656103070627
0.044	0.0304635263960992	3.00504458553097	-33.7996039791477
0.046	0.032007620019624	2.93731955899581	-33.9237883230847
0.048	0.033563462841863	2.86935596567674	-34.038172640378
0.05	0.035130783014972	2.80117339306067	-34.1427701477387
0.052	0.0367093078151797	2.73279139830817	-34.2375979501648
0.054	0.038298763721014	2.66422950050544	-34.3226770120666
0.056	0.0398988764913745	2.59550717297593	-34.398032126467
0.0580000000000001	0.0415093712434246	2.52664383565554	-34.4636918823044
0.0600000000000001	0.0431299725302682	2.45765884753501	-34.5196886298699
0.0620000000000001	0.0447604044183832	2.38857149917334	-34.5660584444084
0.0640000000000001	0.0464003905647811	2.31940100528577	-34.6028410879181
0.0660000000000001	0.0480496542938637	2.25016649740995	-34.6300799691795
0.0680000000000001	0.0497079186739465	2.1808870166538	-34.6478221020505
0.0700000000000001	0.0513749065934212	2.11158150652848	-34.6561180620611
0.0720000000000001	0.053050340836527	2.04226880586982	-34.6550219413456
0.0740000000000001	0.0547339441587039	1.97296764185159	-34.6445913019486
0.0760000000000001	0.0564254393614987	1.90369662309363	-34.6248871275429
0.0780000000000001	0.0581245493669976	1.83447423286823	-34.5959737735991
0.0800000000000001	0.0598309972917568	1.7653188224076	-34.5579189160456
0.0820000000000001	0.0615445065202055	1.69624860431549	-34.5107934984603
0.0840000000000001	0.0632648007774941	1.62728164608596	-34.4546716778343
0.0860000000000001	0.0649916042017615	1.5584358637319	-34.3896307689515
0.0880000000000001	0.0667246414157979	1.4897290155262	-34.3157511874241
0.0900000000000001	0.0684636375980756	1.42117869585814	-34.2331163914294
0.0920000000000001	0.0702083185531238	1.35280232920758	-34.1418128221907
0.0940000000000001	0.0719584107812259	1.28461716423941	-34.0419298432469
0.0960000000000001	0.0737136415474109	1.2166402680206	-33.9335596785563
0.0980000000000001	0.0754737389497206	1.14888852036219	-33.8167973494784
0.1	0.0772384319867272	1.08137860828846	-33.6917406106823
0.102	0.0790074506242783	1.01412702063519	-33.5584898850243
0.104	0.0807805258614521	0.94715004277931	-33.4171481974453
0.106	0.082557389795696	0.880463751501531	-33.2678211079318
0.108	0.0843377756871329	0.8140840099841	-33.1106166435896
0.11	0.0861214180220116	0.748026462945172	-32.9456452298766
0.112	0.0879080525752845	0.682306531911531	-32.7730196210437
0.114	0.0896974164722922	0.616939410631196	-32.5928548298305
0.116	0.0914892482495368	0.551940060627331	-32.4052680564647
0.118	0.0932832879145267	0.487323206894809	-32.2103786170128
0.12	0.0950792770046751	0.423103333740695	-32.0083078711316
0.122	0.0968769586452359	0.359294680769773	-31.7991791492665
0.124	0.0986760776062612	0.295911239016193	-31.5831176793482
0.126	0.100476380358563	0.232966747222199	-31.3602505130323
0.128	0.10227761512867	0.17047468826475	-31.1307064515339
0.13	0.104079531952752	0.108448285730913	-30.894615971102
0.132	0.105881882729521	0.0469005006425575	-30.6521111481838
0.134	0.107684421272068	-0.014155971668978	-30.4033255843261
0.136	0.109486903358647	-0.0747087045378017	-30.1483943308609
0.138	0.111289086782376	-0.13474554278758	-29.8874538134235
0.14	0.113090731399864	-0.19425460540456	-29.6206417563494
0.142	0.114891599178728	-0.253224288059296	-29.3480971069974
0.144	0.116691454244014	-0.311643265477002	-29.069959960045
0.146	0.118490062923491	-0.369500493656483	-28.7863714818019
0.148	0.120287193791836	-0.426785211937774	-28.4974738345885
0.15	0.122082617713666	-0.483486944918622	-28.2034101012229
0.152	0.123876107885446	-0.539595504220093	-27.9043242096626
0.154	0.125667439876238	-0.595100990101656	-27.600360857845
0.156	0.127456391667302	-0.649993792926181	-27.2916654387698
0.158	0.129242743690534	-0.704264594475382	-26.9783839658669
0.16	0.131026278865734	-0.75790436911631	-26.660662998693
0.162	0.132806782636716	-0.810904384819615	-26.3386495689981
0.164	0.134584043006229	-0.863256204030336	-26.0124911072044
0.166	0.136357850569711	-0.914951684392095	-25.6823353693369
0.168	0.138127998547855	-0.965982979325648	-25.3483303644471
0.17	0.139894282817999	-1.01634253846279	-25.0106242825695
0.172	0.141656501944323	-1.06602310793677	-24.6693654232477
0.174	0.14341445720687	-1.11501773053032	-24.32470212467
0.176	0.145167952629369	-1.16331974568261	-23.9767826934513
0.178	0.14691679500588	-1.21092278935648	-23.6257553350967
0.18	0.148660793926252	-1.25782079376725	-23.2717680851833
0.182	0.150399761800391	-1.30400798697468	-22.9149687412952
0.184	0.15213351388135	-1.34947889233958	-22.5555047957449
0.186	0.153861868287234	-1.39422832784666	-22.1935233691144
0.188	0.155584646021931	-1.43825140529531	-21.829171144649
0.19	0.157301670994662	-1.48154352936007	-21.4625943035335
0.192	0.159012770038367	-1.52410039652253	-21.0939384610829
0.194	0.160717772926914	-1.56591799387658	-20.7233486038766
0.196	0.162416512391154	-1.60699259780887	-20.3509690278635
0.198	0.164108824133818	-1.64732077255648	-19.9769432774675
0.2	0.165794546843256	-1.68689936864384	-19.6014140857188
0.202	0.167473522206038	-1.72572552120095	-19.2245233154372
0.204	0.169145594918416	-1.76379664816503	-18.8464119014923
0.206	0.170810612696648	-1.80111044836778	-18.4672197941633
0.208	0.172468426286207	-1.83766489951054	-18.0870859036228
0.21	0.174118889469871	-1.87345825602944	-17.7061480455656
0.212	0.175761859074704	-1.90848904685312	-17.3245428880026
0.214	0.177397194977943	-1.94275607305511	-16.9424058992407
0.216	0.179024760111791	-1.97625840540337	-16.5598712970673
0.218	0.180644420467141	-2.00899538180952	-16.1770719991559
0.22	0.182256045096219	-2.04096660467999	-15.7941395747119
0.222	0.18385950611418	-2.07217193817181	-15.4112041973715
0.224	0.185454678699647	-2.1026115053554	-15.0283945993712
0.226	0.187041441094226	-2.13228568528703	-14.6458380269992
0.228	0.188619674600987	-2.16119510999345	-14.2636601973433
0.23	0.190189263581936	-2.18934066137133	-13.8819852563458
0.232	0.191750095454492	-2.21672346800408	-13.500935738176
0.234	0.193302060686971	-2.24334490189885	-13.1206325259312
0.236	0.1948450527931	-2.26920657514615	-12.7411948136733
0.238	0.196378968325569	-2.29431033650495	-12.3627400698099
0.24	0.19790370686864	-2.31865826791587	-11.9853840018257
0.242	0.199419171029815	-2.34225268094521	-11.6092405223705
0.244	0.200925266430597	-2.36509611316251	-11.2344217167079
0.246	0.202421901696338	-2.38719132445434	-10.8610378115294
0.248	0.203908988445198	-2.40854129327709	-10.4891971451353
0.25	0.205386441276238	-2.42914921285157	-10.1190061389855
0.252	0.206854177756646	-2.44901848730199	-9.75056927062071
0.254	0.208312118408119	-2.46815272774217	-9.38398904795314
0.256	0.209760186692424	-2.48655574831172	-9.01936598492733
0.258	0.211198308996141	-2.50423156216495	-8.6567985785478
0.26	0.212626414614613	-2.52118437741507	-8.29638328727155
0.262	0.214044435735111	-2.53741859303672	-7.93821451076135
0.264	0.215452307419245	-2.55293879472918	-7.58238457099571
0.266	0.216849967584618	-2.56774975074329	-7.22898369472958
0.268	0.218237356985757	-2.58185640767458	-6.87809999730025
0.27	0.219614419194328	-2.59526388622531	-6.52981946777067
0.272	0.220981100578653	-2.60797747693826	-6.18422595540307
0.274	0.22233735028255	-2.62000263590461	-5.84140115745356
0.276	0.22368312020351	-2.63134498044887	-5.50142460827877
0.278	0.225018364970232	-2.64201028479328	-5.16437366974406
0.28	0.226343041919521	-2.65200447570428	-4.83032352292261
0.282	0.22765711107259	-2.6613336281237	-4.49934716107337
0.284	0.228960535110755	-2.67000396078719	-4.17151538388599
0.286	0.230253279350566	-2.67802183183235	-3.84689679297913
0.288	0.231535311718374	-2.68539373439912	-3.52555778863903
0.29	0.232806602724363	-2.69212629222488	-3.20756256778329
0.292	0.234067125436049	-2.6982262552367	-2.89297312313549
0.294	0.23531685545129	-2.70370049514311	-2.58184924359453
0.296	0.236555770870798	-2.70855600102778	-2.27424851578286
0.298	0.237783852270181	-2.71279987494756	-1.97022632675639
0.3	0.239001082671539	-2.71643932753692	-1.66983586785925
0.302	0.240207447514624	-2.71948167362137	-1.37312813970494
0.304	0.241402934627581	-2.72193432784194	-1.08015195826608
0.306	0.242587534197288	-2.7238048002928	-0.790953962053331
0.308	0.243761238739322	-2.7251006921745	-0.505578620364545
0.31	0.244924043067554	-2.72582969146463	-0.224068242584023
0.312	0.246075944263394	-2.72599956860816	0.0535370114880183
0.314	0.24721694164472	-2.72561817222943	0.327199120296828
0.316	0.248347036734474	-2.72469342486786	0.596882188205938
0.318	0.249466233228983	-2.72323331873919	0.862552432203229
0.32	0.250574536965985	-2.72124591152437	1.12417816766164
0.322	0.251671955892403	-2.71873932218777	1.38172979317689
0.324	0.252758500031868	-2.71572172682668	1.63517977450432
0.326	0.253834181452019	-2.71220135455373	1.88450262761776
0.328	0.254899014231586	-2.70818648341417	2.12967490091313
0.33	0.255953014427278	-2.70368543633949	2.3706751565801
0.332	0.256996200040496	-2.69870657713911	2.60748395116505
0.334	0.258028590983877	-2.69325830653183	2.84008381534911
0.336	0.259050209047691	-2.68734905821835	3.06845923296478
0.338	0.260061077866111	-2.6809872949966	3.29259661927531
0.34	0.261061222883361	-2.67418150492119	3.51248429854073
0.342	0.262050671319763	-2.66694019750843	3.72811248089485
0.344	0.263029452137706	-2.65927189998824	3.93947323855732
0.346	0.263997596007532	-2.65118515360436	4.14656048140545
0.348	0.264955135273376	-2.64268850996388	4.34936993192977
0.35	0.265902103918959	-2.63379052743767	4.54789909959825
0.352	0.266838537533359	-2.62449976761243	4.74214725465337
0.354	0.26776447327676	-2.61482479179588	4.93211540136666
0.356	0.268679949846214	-2.60477415757582	5.11780625077521
0.358	0.269585007441406	-2.5943564154343	5.2992241929246
0.36	0.270479687730459	-2.58358010541779	5.47637526864256
0.362	0.271364033815771	-2.57245375386413	5.64926714086794
0.364	0.27223809019991	-2.56098587018742	5.817909065559
0.366	0.273101902751583	-2.54918494372134	5.98231186220539
0.368	0.273955518671673	-2.53705944062193	6.14248788396765
0.37	0.274798986459379	-2.52461780083038	6.29845098746849
0.372	0.275632355878456	-2.51186843509658	6.4502165022592
0.374	0.276455677923575	-2.49881972206407	6.59780119998523
0.376	0.277269004786805	-2.48548000541692	6.74122326327397
0.378	0.278072389824246	-2.47185759108906	6.88050225436845
0.38	0.2788658875228	-2.45796074453665	7.01565908352937
0.382	0.279649553467111	-2.44379768807379	7.14671597722901
0.384	0.28042344430668	-2.42937659827207	7.27369644615898
0.386	0.281187617723157	-2.41470560342427	7.3966252530746
0.388	0.281942132397829	-2.39979278107249	7.5155283804977
0.39	0.28268704797931	-2.38464615560102	7.63043299829985
0.392	0.283422425051445	-2.36927369589417	7.74136743118749
0.394	0.284148325101437	-2.35368331305913	7.84836112611018
0.396	0.2848648104882	-2.33788285821417	7.95144461961297
0.398	0.285571944410956	-2.32188012034208	8.05064950515349
0.4	0.286269790878083	-2.30568282420911	8.14600840040407
0.402	0.286958414676211	-2.28929862834917	8.23755491455886
0.404	0.287637881339595	-2.27273512311349	8.32532361566562
0.406	0.288308257119748	-2.25599982878555	8.40934999800143
0.408	0.288969608955365	-2.23910019376117	8.48967044951117
0.41	0.289622004442528	-2.22204359279372	8.56632221932756
0.412	0.290265511805207	-2.20483732530407	8.63934338539064
0.414	0.290900199866065	-2.18748861375532	8.70877282218474
0.416	0.291526138017567	-2.17000460209185	8.77465016861017
0.418	0.292143396193404	-2.15239235424247	8.83701579600686
0.42	0.292752044840241	-2.13465885268739	8.8959107763463
0.422	0.293352154889784	-2.11681099708863	8.95137685060829
0.424	0.293943797731183	-2.09885560298344	9.00345639735806
0.426	0.294527045183771	-2.08079940054037	9.05219240153934
0.428	0.295101969470144	-2.06264903337754	9.09762842349818
0.43	0.295668643189585	-2.0444110574426	9.1398085682523
0.432	0.296227139291842	-2.02609193995394	9.17877745501991
0.434	0.296777531051259	-2.00769805840246	9.2145801870217
0.436	0.297319892041267	-1.98923569961359	9.24726232156948
0.438	0.297854296109235	-1.97071105886874	9.27686984045405
0.44	0.298380817351693	-1.9521302390857	9.30344912064493
0.442	0.298899530089916	-1.93349925005734	9.32704690531374
0.444	0.299410508845888	-1.91482400774785	9.34771027519295
0.446	0.299913828318638	-1.89611033364601	9.36548662028087
0.448	0.300409563360954	-1.87736395417467	9.38042361190383
0.45	0.300897788956476	-1.85859050015568	9.39256917514554
0.452	0.301378580197176	-1.83979550632968	9.40197146165353
0.454	0.301852012261216	-1.82098441092981	9.40867882283202
0.456	0.302318160391198	-1.80216255530868	9.41273978343017
0.458	0.302777099872795	-1.78333518361779	9.41420301553409
0.46	0.303228906013779	-1.76450744253847	9.41311731297087
0.462	0.303673654123432	-1.74568438106368	9.40953156613207
0.464	0.304111419492349	-1.72687095032971	9.40349473722397
0.466	0.304542277372635	-1.70807200349689	9.3950558359514
0.468	0.304966302958492	-1.6892922956786	9.38426389564146
0.47	0.305383571367199	-1.67053648391749	9.37116794981305
0.472	0.305794157620484	-1.65180912720819	9.35581700919793
0.474	0.306198136626287	-1.63311468656544	9.33826003921813
0.476	0.306595583160915	-1.61445752513688	9.31854593792477
0.478	0.306986571851593	-1.59584190835945	9.29672351440236
0.48	0.307371177159399	-1.57727200415853	9.27284146764265
0.482	0.307749473362591	-1.55875188318885	9.24694836589152
0.484	0.308121534540331	-1.54028551911628	9.21909262647207
0.486	0.308487434556781	-1.52187678893939	9.18932249608663
0.488	0.308847247045602	-1.50352947335003	9.15768603160024
0.49	0.309201045394828	-1.48524725713182	9.1242310813074
0.492	0.309548902732128	-1.46703372959559	9.08900526668394
0.494	0.309890891910447	-1.44889238505088	9.05205596462524
0.496	0.31022708549403	-1.43082662331249	9.0134302901718
0.498	0.310557555744822	-1.41283975024097	8.97317507972261
0.5	0.310882374609245	-1.39493497831638	8.93133687473686
0.502	0.311201613705345	-1.37711542724399	8.88796190592365
0.504	0.311515344310319	-1.35938412459124	8.84309607791957
0.506	0.311823637348399	-1.34174400645473	8.79678495445316
0.508	0.312126563379107	-1.32419791815655	8.7490737439955
0.51	0.31242419258588	-1.30674861496867	8.7000072858955
0.512	0.312716594765041	-1.28939876286471	8.64963003699815
0.514	0.31300383931514	-1.27215093929786	8.59798605874409
0.516	0.313285995226641	-1.25500763400423	8.54511900474802
0.518	0.313563131071964	-1.23797124983054	8.4910721088537
0.52	0.313835314995873	-1.22104410358519	8.43588817366272
0.522	0.31410261470621	-1.20422842691179	8.37960955953401
0.524	0.314365097464966	-1.18752636718433	8.32227817405092
0.526	0.314622830079691	-1.17093998842283	8.26393546195235
0.528	0.314875878895241	-1.15447127222871	8.20462239552418
0.53	0.315124309785846	-1.13812211873893	8.14437946544706
0.532	0.315368188147514	-1.12189434759802	8.08324667209645
0.534	0.315607578890749	-1.10578969894693	8.02126351729031
0.536	0.315842546433593	-1.08980983442811	7.95846899648018
0.538	0.316073154694975	-1.07395633820563	7.8949015913805
0.54	0.316299467088377	-1.0582307179997	7.83059926303145
0.542	0.316521546515804	-1.04263440613458	7.76559944528997
0.544	0.316739455362049	-1.0271687605991	7.69993903874374
0.546	0.316953255489267	-1.01183506611895	7.63365440504255
0.548	0.317163008231831	-0.996634535239865	7.56678136164138
0.55	0.317368774391485	-0.981568309420945	7.49935517694938
0.552	0.317570614232775	-0.966637460137261	7.43141056587884
0.554	0.317768587478763	-0.95184298999097	7.36298168578799
0.556	0.317962753307019	-0.937185833830155	7.29410213281135
0.558	0.318153170345878	-0.922666859874623	7.22480493857144
0.56	0.318339896670968	-0.908286870847913	7.15512256726521
0.562	0.318522989801998	-0.89404660511474	7.08508691311872
0.564	0.318702506699808	-0.879946737823194	7.01472929820339
0.566	0.318878503763662	-0.865987882050925	6.94408047060693
0.568	0.319051036828799	-0.852170589954657	6.87317060295238
0.57	0.319220161164223	-0.83849535392231	6.80202929125793
0.572	0.319385931470733	-0.824962607727071	6.73068555413094
0.574	0.31954840187919	-0.81157272768275	6.65916783228876
0.576	0.319707625949006	-0.798326033799771	6.58750398839937
0.578	0.31986365666687	-0.78522279094117	6.5157213072347
0.58	0.320016546445681	-0.772263209977977	6.4438464961293
0.582	0.320166347123711	-0.759447448943385	6.37190568573716
0.584	0.32031310996397	-0.746775614185108	6.29992443107938
0.586	0.320456885653777	-0.734247761515371	6.22792771287544
0.588	0.320597724304541	-0.721863897357936	6.15593993915043
0.59	0.320735675451732	-0.709623979891674	6.08398494711137
0.592	0.320870788055051	-0.697527920190097	6.01208600528482
0.594	0.32100311049878	-0.685575583356374	5.94026581590865
0.596	0.321132690592328	-0.673766789653308	5.86854651757044
0.598	0.321259575570943	-0.662101315627798	5.79694968808537
0.6	0.32138381209661	-0.65057889522931	5.72549634760599
0.602	0.321505446259113	-0.639199220921913	5.65420696195681
0.604	0.321624523577267	-0.627961944789408	5.58310144618611
0.606	0.321741089000303	-0.616866679633159	5.51219916832794
0.608	0.321855186909425	-0.605913000062189	5.44151895336699
0.61	0.321966861119505	-0.59510044357515	5.37107908739898
0.612	0.322076154880936	-0.584428511633782	5.30089732197964
0.614	0.322183110881622	-0.573896670727495	5.23099087865496
0.616	0.322287771249117	-0.563504353428706	5.16137645366571
0.618	0.32239017755289	-0.553250959438616	5.09207022281924
0.62	0.322490370806728	-0.543135856623058	5.02308784652154
0.622	0.322588391471262	-0.53315838203815	4.95444447496268
0.624	0.322684279456623	-0.523317842945412	4.88615475344877
0.626	0.322778074125207	-0.51361351781609	4.8182328278738
0.628	0.322869814294564	-0.504044657324388	4.75069235032437
0.63	0.322959538240396	-0.494610485329385	4.68354648481108
0.632	0.323047283699657	-0.485310199845346	4.61680791311966
0.634	0.323133087873765	-0.476142974000226	4.55048884077567
0.636	0.323216987431907	-0.467107956982141	4.48460100311617
0.638	0.323299018514442	-0.458204274973585	4.41915567146222
0.64	0.323379216736397	-0.44943103207321	4.35416365938592
0.642	0.32345761719105	-0.440787311204983	4.2896353290659
0.644	0.323534254453596	-0.43227217501455	4.22558059772525
0.646	0.323609162584899	-0.423884666752644	4.16200894414593
0.648	0.323682375135317	-0.415623811145392	4.09892941525383
0.65	0.323753925148603	-0.40748861525139	4.03635063276885
0.652	0.323823845165879	-0.399478069305413	3.9742807999142
0.654	0.323892167229669	-0.391591147548655	3.91272770817954
0.656	0.323958922888007	-0.383826809045391	3.85169874413244
0.658	0.3240241431986	-0.376183998485974	3.7912008962729
0.66	0.324087858733045	-0.368661646976085	3.73124076192572
0.662	0.32415009958111	-0.361258672812162	3.67182455416558
0.664	0.324210895355055	-0.35397398224295	3.61295810876979
0.666	0.324270275194012	-0.346806470217129	3.55464689119401
0.668	0.324328267768401	-0.339755021116958	3.49689600356588
0.67	0.324384901284392	-0.332818509477933	3.43971019169225
0.672	0.324440203488411	-0.325995800694412	3.38309385207501
0.674	0.324494201671673	-0.3192857517112	3.32705103893157
0.676	0.324546922674759	-0.312687211701106	3.27158547121526
0.678	0.324598392892215	-0.306199022728445	3.21670053963167
0.68	0.324648638277184	-0.299820020398531	3.16239931364666
0.682	0.324697684346065	-0.293549034493151	3.10868454848226
0.684	0.324745556183195	-0.287384889592076	3.05555869209633
0.686	0.324792278445546	-0.281326405680624	3.00302389214248
0.688	0.324837875367449	-0.275372398743328	2.95108200290628
0.69	0.324882370765327	-0.269521681343757	2.89973459221455
0.692	0.324925788042447	-0.263773063190549	2.84898294831408
0.694	0.324968150193678	-0.258125351689722	2.79882808671656
0.696	0.325009479810265	-0.252577352483332	2.74927075700642
0.698	0.325049799084603	-0.247127869974546	2.7003114496086
0.7	0.325089129815021	-0.241775707839235	2.65195040251318
0.702	0.325127493410566	-0.236519669524155	2.60418760795406
0.704	0.325164910895791	-0.231358558731822	2.55702281903881
0.706	0.325201402915537	-0.226291179892175	2.51045555632712
0.708	0.325236989739717	-0.221316338621141	2.46448511435531
0.71	0.325271691268095	-0.216432842166203	2.41911056810432
0.712	0.325305527035053	-0.211639499839091	2.374330779409
0.714	0.325338516214356	-0.206935123435717	2.3301444033063
0.716	0.325370677623905	-0.202318527643471	2.28654989432032
0.718	0.325402029730478	-0.197788530436023	2.24354551268216
0.72	0.325432590654455	-0.193343953455738	2.20112933048257
0.722	0.325462378174537	-0.188983622383865	2.15929923775563
0.724	0.325491409732437	-0.184706367298627	2.11805294849167
0.726	0.325519702437565	-0.180511023021349	2.07738800657777
0.728	0.325547273071683	-0.176396429450795	2.0373017916643
0.73	0.325574138093552	-0.172361431885828	1.99779152495605
0.732	0.325600313643545	-0.168404881336582	1.95885427492656
0.734	0.325625815548244	-0.164525634824272	1.9204869629543
0.736	0.325650659325015	-0.16072255566981	1.88268636887962
0.738	0.325674860186551	-0.156994513771399	1.8454491364813
0.74	0.325698433045394	-0.15334038587124	1.8087717788716
0.742	0.325721392518428	-0.149759055811545	1.77265068380905
0.744	0.325743752931342	-0.146249414779995	1.73708211892792
0.746	0.325765528323068	-0.142810361544833	1.70206223688368
0.748	0.325786732450183	-0.139440802679746	1.66758708041382
0.75	0.325807378791285	-0.136139652778709	1.63365258731318
0.752	0.325827480551332	-0.132905834660969	1.60025459532356
0.754	0.325847050665952	-0.129738279566334	1.56738884693677
0.756	0.32586610180572	-0.126635927340939	1.53505099411099
0.758	0.325884646380395	-0.123597726613672	1.50323660290002
0.76	0.325902696543128	-0.120622634963426	1.47194115799503
0.762	0.325920264194628	-0.117709619077355	1.44116006717882
0.764	0.325937360987302	-0.114857654900308	1.41088866569223
0.766	0.325953998329345	-0.112065727775624	1.3811222205128
0.768	0.325970187388799	-0.10933283257745	1.35185593454554
0.77	0.325985939097577	-0.106657973834767	1.3230849507259
0.772	0.326001264155443	-0.104040165847304	1.29480435603507
0.774	0.326016173033955	-0.1014784327935	1.2670091854277
0.776	0.326030675980366	-0.0989718088307049	1.23969442567227
0.778	0.32604478302149	-0.0965193381877807	1.21285501910437
0.78	0.326058503967526	-0.0941200752502902	1.18648586729329
0.782	0.326071848415837	-0.0917730846384325	1.16058183462204
0.784	0.326084825754694	-0.0894774412779087	1.13513775178156
0.786	0.326097445166975	-0.087232230463882	1.11014841917914
0.788	0.326109715633825	-0.0850365479182084	1.08560861026199
0.79	0.326121645938272	-0.082889499840103	1.06151307475618
0.792	0.326133244668803	-0.0807902029504142	1.03785654182162
0.794	0.326144520222896	-0.07873778452967	1.01463372312373
0.796	0.326155480810512	-0.0767313824500641	0.991839315822469
0.798	0.326166134457544	-0.0747701452015466	0.969468005479276
0.8	0.32617648900922	-0.072853231912182	0.947514468882848
0.802	0.326186552133471	-0.0709798123629355	0.925973376794317
0.804	0.326196331324248	-0.0691490669970498	0.904839396612742
0.806	0.326205833904802	-0.0673601869241695	0.884107194961662
0.808	0.32621506703092	-0.0656123739193711	0.863771440197597
0.81	0.326224037694116	-0.0639048404172523	0.843826804841322
0.812	0.326232752724782	-0.0622368095012364	0.824267967932843
0.814	0.326241218795299	-0.0606075148882412	0.805089617310972
0.816	0.326249442423096	-0.059016200908865	0.786286451818467
0.818	0.326257429973678	-0.0574621224832335	0.767853183433647
0.82	0.326265187663603	-0.0559445450926587	0.74978453932952
0.822	0.326272721563422	-0.0544627447472493	0.732075263861383
0.824	0.326280037600574	-0.0530160079496183	0.714720120483932
0.826	0.326287141562241	-0.0516036316548239	0.697713893598883
0.828	0.32629403909816	-0.0502249232266858	0.681051390334186
0.83	0.32630073572339	-0.0488792003906093	0.664727442255861
0.832	0.326307236821048	-0.0475657911830532	0.648736907013547
0.834	0.32631354764499	-0.0462840338977708	0.633074669920816
0.836	0.326319673322464	-0.0450332770289554	0.617735645471378
0.838	0.32632561885671	-0.0438128792114168	0.602714778792248
0.84	0.32633138912953	-0.0426222091579132	0.588007047035002
0.842	0.326336988903811	-0.0414606455937608	0.573607460706205
0.844	0.326342422826012	-0.0403275771888444	0.559511064938177
0.846	0.326347695428606	-0.0392224024871429	0.545712940701162
0.848	0.32635281113249	-0.0381445298338904	0.532208205958085
0.85	0.326357774249348	-0.0370933773004818	0.518992016762969
0.852	0.326362588983981	-0.0360683726072394	0.506059568304196
0.854	0.326367259436595	-0.0350689530441454	0.493406095893694
0.856	0.326371789605054	-0.0340945653896501	0.481026875903229
0.858	0.326376183387088	-0.0331446658276592	0.468917226648886
0.86	0.326380444582474	-0.0322187198628026	0.457072509224902
0.862	0.326384576895172	-0.031316202234086	0.445488128287965
0.864	0.326388583935424	-0.0304365968270224	0.434159532793095
0.866	0.32639246922182	-0.0295793965843385	0.423082216682238
0.868	0.326396236183327	-0.0287441034153507	0.412251719526681
0.87	0.326399888161282	-0.0279302281041025	0.401663627124392
0.872	0.326403428411346	-0.0271372902163499	0.391313572053407
0.874	0.326406860105426	-0.0263648180054837	0.381197234182333
0.876	0.326410186333567	-0.025612348317473	0.371310341139076
0.878	0.3264134101058	-0.0248794264949117	0.361648668738877
0.88	0.326416534353959	-0.0241656062802489	0.352208041372714
0.882	0.326419561933472	-0.0234704497182814	0.342984332357146
0.884	0.326422495625108	-0.022793527057984	0.333973464246655
0.886	0.326425338136699	-0.0221344166537516	0.325171409109526
0.888	0.326428092104824	-0.0214927048661256	0.316574188768303
0.89	0.326430760096465	-0.0208679859620733	0.308177875005845
0.892	0.32643334461063	-0.0202598620148897	0.299978589738005
0.894	0.326435848079947	-0.0196679428037852	0.291972505153912
0.896	0.326438272872218	-0.0190918457132255	0.284155843824877
0.898	0.326440621291957	-0.0185311956320835	0.276524878782878
0.9	0.326442895581888	-0.0179856248526644	0.269075933569598
0.902	0.326445097924413	-0.0174547729696608	0.261805382256976
0.904	0.326447230443057	-0.0169382867790947	0.2547096494402
0.906	0.326449295203882	-0.0164358201773003	0.247785210204082
0.908	0.326451294216865	-0.0159470340600001	0.24102859006372
0.91	0.326453229437263	-0.0154715962215239	0.234436364880351
0.912	0.326455102766936	-0.0150091812542213	0.228005160753284
0.914	0.326456916055648	-0.0145594704481125	0.221731653888779
0.916	0.326458671102349	-0.0141221516908242	0.215612570446738
0.918	0.326460369656414	-0.0136969193678532	0.209644686366047
0.92	0.326462013418872	-0.0132834742632011	0.203824827169404
0.922	0.326463604043602	-0.0128815234604171	0.19814986774844
0.924	0.326465143138503	-0.012490780244092	0.192616732129941
0.926	0.32646663226664	-0.012110964001836	0.187222393223954
0.928	0.326468072947371	-0.0117418001267792	0.181963872554544
0.93	0.326469466657439	-0.0113830199206259	0.176838239973966
0.932	0.326470814832055	-0.0110343604972985	0.171842613360988
0.934	0.326472118865941	-0.0106955646871975	0.166974158304086
0.936	0.326473380114364	-0.010366380942112	0.162230087770236
0.938	0.326474599894142	-0.0100465632408047	0.157607661759982
0.94	0.326475779484625	-0.00973587099530124	0.153104186949478
0.942	0.326476920128661	-0.00943406895790661	0.148717016320152
0.944	0.326478023033534	-0.00914092712897522	0.144443548776664
0.946	0.326479089371887	-0.0088562206654557	0.140281228753775
0.948	0.326480120282619	-0.00857972979023251	0.136227545812763
0.95	0.326481116871764	-0.00831123970228477	0.132280034227978
0.952	0.326482080213355	-0.00805054048768131	0.128436272564148
0.954	0.326483011350254	-0.00779742703142994	0.124693883244995
0.956	0.326483911294984	-0.00755169893019768	0.12105053211373
0.958	0.326484781030522	-0.00731316040591755	0.117503927985983
0.96	0.326485621511085	-0.00708162022029675	0.114051822195692
0.962	0.326486433662897	-0.00685689159023966	0.110692008134472
0.964	0.326487218384933	-0.00663879210419814	0.107422320784983
0.966	0.32648797654965	-0.00642714363946071	0.104240636248765
0.968	0.326488709003701	-0.0062217722803912	0.101144871269048
0.97	0.326489416568627	-0.00602250823762641	0.0981329827489683
0.972	0.326490100041539	-0.00582918576824157	0.0952029672656778
0.974	0.326490760195781	-0.00564164309689129	0.0923528605807516
0.976	0.326491397781578	-0.00545972233793303	0.0895807371473388
0.978	0.326492013526662	-0.0052832694185393	0.0868847096144622
0.98	0.326492608136896	-0.00511213400280361	0.0842629283288632
0.982	0.326493182296871	-0.00494616941684497	0.0817135808347784
0.984	0.326493736670492	-0.00478523257491456	0.079234891372026
0.986	0.326494271901554	-0.00462918390650761	0.0768251203727549
0.988	0.326494788614296	-0.0044778872844829	0.0744825639572137
0.99	0.326495287413949	-0.00433120995419125	0.0722055534288689
0.992	0.326495768887266	-0.00418902246361436	0.0699924547692031
0.994	0.326496233603038	-0.00405119859451396	0.0678416681325031
0.996	0.326496682112603	-0.00391761529459122	0.0657516273409418
0.998	0.326497114950333	-0.0037881526106554	0.0637207993802428
