0	0.928935553534515	0.0338164747394411	-1.1964972882428
0.00628318530717959	0.929124427560466	0.0263066837243739	-1.19392972151397
0.0125663706143592	0.929266167399958	0.0188132830522588	-1.19128018391384
0.0188495559215388	0.929360877650457	0.0113367857812751	-1.18854930921246
0.0251327412287183	0.929408666120421	0.00387770092107109	-1.18573775234596
0.0314159265358979	0.929409643803441	-0.00356346670056189	-1.18284618952058
0.0376991118430775	0.929363924851547	-0.0109862165716194	-1.17987531830141
0.0439822971502571	0.929271626547668	-0.0183900526303246	-1.1768258576857
0.0502654824574367	0.929132869277248	-0.0257744833999803	-1.17369854816024
0.0565486677646163	0.928947776499012	-0.0331390221241268	-1.17049415174234
0.0628318530717959	0.928716474714881	-0.040483186901909	-1.16721345200432
0.0691150383789754	0.928439093439041	-0.047806500823544	-1.16385725408093
0.075398223686155	0.928115765166156	-0.0551084921057776	-1.16042638465949
0.0816814089933346	0.92774662533873	-0.0623886942272286	-1.15692169195247
0.0879645943005142	0.927331812313625	-0.0696466460635001	-1.15334404565206
0.0942477796076938	0.926871467327724	-0.0768818920219515	-1.14969433686674
0.100530964914873	0.926365734462752	-0.0840939821760148	-1.14597347803925
0.106814150222053	0.925814760609257	-0.0912824723989323	-1.14218240284605
0.113097335529233	0.925218695429747	-0.0984469244968094	-1.13832206607773
0.119380520836412	0.924577691320999	-0.105586906340851	-1.13439344350053
0.125663706143592	0.923891903375536	-0.112701991998672	-1.1303975316984
0.131946891450771	0.923161489342288	-0.119791761864549	-1.12633534789572
0.138230076757951	0.922386609586429	-0.126855802788504	-1.12220792976049
0.14451326206513	0.921567427048415	-0.13389370820408	-1.11801633518767
0.15079644737231	0.920704107202221	-0.140905078254704	-1.11376164206289
0.15707963267949	0.919796818012788	-0.147889519918492	-1.10944494800611
0.163362817986669	0.918845729892692	-0.154846647131394	-1.10506737009548
0.169646003293849	0.917851015658043	-0.161776080908522	-1.10063004457108
0.175929188601028	0.916812850483632	-0.168677449463577	-1.09613412651879
0.182212373908208	0.915731411857327	-0.175550388326206	-1.09158078953403
0.188495559215388	0.914606879533746	-0.182394540457197	-1.08697122536563
0.194778744522567	0.913439435487211	-0.189209556361368	-1.08230664353973
0.201061929829747	0.912229263863993	-0.195995094198032	-1.07758827096382
0.207345115136926	0.910976550933883	-0.20275081988891	-1.07281735151106
0.213628300444106	0.909681485041086	-0.209476407223374	-1.06799514558495
0.219911485751286	0.908344256554461	-0.216171537960891	-1.06312292966446
0.226194671058465	0.906965057817132	-0.222835901930546	-1.0582019958299
0.232477856365645	0.905544083095479	-0.229469197127533	-1.05323365126957
0.238761041672824	0.904081528527535	-0.236071129806478	-1.04821921776752
0.245044226980004	0.902577592070805	-0.242641414571491	-1.04316003117258
0.251327412287183	0.901032473449531	-0.249179774462818	-1.03805744084894
0.257610597594363	0.899446374101423	-0.255685941039991	-1.03291280910856
0.263893782901543	0.897819497123878	-0.262159654461348	-1.02772751062569
0.270176968208722	0.896152047219713	-0.268600663559822	-1.02250293183386
0.276460153515902	0.894444230642436	-0.27500872591489	-1.01724047030567
0.282743338823081	0.892696255141065	-0.281383607920567	-1.01194153411569
0.289026524130261	0.890908329904553	-0.287725084849348	-1.006607541187
0.295309709437441	0.889080665505806	-0.294032940911992	-1.00123991862158
0.30159289474462	0.887213473845344	-0.300306969313052	-0.995840102015176
0.3078760800518	0.885306968094634	-0.306546972302048	-0.990409534756989
0.314159265358979	0.883361362639107	-0.312752761220198	-0.984949667314672
0.320442450666159	0.881376873020896	-0.31892415654261	-0.979461956505154
0.326725635973339	0.879353715881329	-0.325060987915849	-0.973947864751775
0.333008821280518	0.877292108903196	-0.331163094190791	-0.968408859328301
0.339292006587698	0.875192270752825	-0.337230323450698	-0.962846411590334
0.345575191894877	0.873054421022	-0.343262533034411	-0.957261996194712
0.351858377202057	0.870878780169743	-0.349259589554617	-0.951657090307482
0.358141562509236	0.868665569464005	-0.355221368911093	-0.946033172801045
0.364424747816416	0.866415010923282	-0.36114775629888	-0.940391723441098
0.370707933123596	0.864127327258197	-0.367038646211317	-0.934734222064024
0.376991118430775	0.861802741813088	-0.372893942437875	-0.929062147745369
0.383274303737955	0.859441478507611	-0.378713558056747	-0.923376977960076
0.389557489045134	0.857043761778421	-0.384497415422127	-0.917680187735179
0.395840674352314	0.85460981652094	-0.390245446146155	-0.911973248795628
0.402123859659494	0.852139868031258	-0.395957591075463	-0.906257628703981
0.408407044966673	0.8496341419482	-0.401633800262313	-0.900534789994662
0.414690230273853	0.847092864195591	-0.407274032930266	-0.894806189303542
0.420973415581032	0.84451626092475	-0.412878257434378	-0.889073276493575
0.427256600888212	0.841904558457259	-0.418446451215885	-0.883337493777242
0.433539786195391	0.839257983228027	-0.423978600751377	-0.877600274836584
0.439822971502571	0.836576761728693	-0.429474701496426	-0.871863043941578
0.446106156809751	0.833861120451402	-0.434934757823677	-0.866127215067649
0.45238934211693	0.831111285832986	-0.440358782955391	-0.860394191013102
0.45867252742411	0.828327484199588	-0.44574679889045	-0.854665362517268
0.464955712731289	0.82550994171176	-0.451098836325819	-0.848942107380161
0.471238898038469	0.822658884310068	-0.456414934572484	-0.843225789584454
0.477522083345649	0.819774537661256	-0.46169514146589	-0.837517758420577
0.483805268652828	0.816857127104974	-0.466939513270884	-0.831819347615741
0.490088453960008	0.813906877601129	-0.472148114581206	-0.826131874467715
0.496371639267187	0.810924013677884	-0.477321018213552	-0.820456638984148
0.502654824574367	0.807908759380338	-0.482458305096251	-0.814794923028259
0.508938009881546	0.804861338219924	-0.487560064152593	-0.809147989471706
0.515221195188726	0.801781973124553	-0.492626392178862	-0.803517081355437
0.521504380495906	0.798670886389545	-0.497657393717123	-0.797903421059329
0.527787565803085	0.795528299629375	-0.50265318092282	-0.792308209481425
0.534070751110265	0.792354433730264	-0.50761387342725	-0.78673262522756
0.540353936417444	0.789149508803656	-0.51253959819498	-0.781177823812159
0.546637121724624	0.785913744140596	-0.517430489376281	-0.775644936871021
0.552920307031804	0.782647358167063	-0.522286688154653	-0.770135071386832
0.559203492338983	0.77935056840027	-0.527108342589529	-0.7646493089282
0.565486677646163	0.776023591405967	-0.531895607454236	-0.759188704902972
0.571769862953342	0.772666642756774	-0.53664864406932	-0.753754287826572
0.578053048260522	0.769279936991587	-0.541367620131316	-0.748347058606115
0.584336233567701	0.765863687576058	-0.546052709537074	-0.74296798984101
0.590619418874881	0.762418106864206	-0.550704092203745	-0.737618025140789
0.596902604182061	0.758943406061164	-0.555321953884535	-0.732298078460844
0.60318578948924	0.755439795187103	-0.559906485980345	-0.727009033456775
0.60946897479642	0.751907483042344	-0.564457885347412	-0.721751742858025
0.615752160103599	0.748346677173699	-0.568976354101082	-0.716527027861437
0.622035345410779	0.744757583842052	-0.57346209941583	-0.711335677545419
0.628318530717959	0.741140407991211	-0.577915333321668	-0.706178448305295
0.634601716025138	0.737495353218046	-0.58233627249708	-0.701056063310479
0.640884901332318	0.733822621743943	-0.586725138058603	-0.695969211984055
0.647168086639497	0.730122414387587	-0.591082155347224	-0.690918549505323
0.653451271946677	0.7263949305391	-0.595407553711715	-0.685904696335877
0.659734457253857	0.722640368135545	-0.599701566289069	-0.680928237769718
0.666017642561036	0.718858923637823	-0.60396442978219	-0.675989723507946
0.672300827868216	0.715050792008972	-0.60819638423498	-0.671089667258481
0.678584013175395	0.711216166693889	-0.612397672805002	-0.666228546361297
0.684867198482575	0.707355239600485	-0.616568541533858	-0.661406801439603
0.691150383789755	0.703468201082291	-0.620709239115471	-0.656624836077399
0.697433569096934	0.699555239922529	-0.62482001666241	-0.651883016523774
0.703716754404114	0.69561654331965	-0.628901127470456	-0.647181671424344
0.709999939711293	0.691652296874361	-0.632952826781557	-0.642521091580163
0.716283125018473	0.68766268457815	-0.63697537154536	-0.637901529734407
0.722566310325652	0.683647888803301	-0.64096902017949	-0.633323200387161
0.728849495632832	0.679608090294434	-0.644934032328753	-0.628786279638546
0.735132680940012	0.675543468161548	-0.648870668623445	-0.624290905060432
0.741415866247191	0.671454199874592	-0.652779190436942	-0.619837175596962
0.747699051554371	0.667340461259559	-0.656659859642762	-0.615425151494067
0.75398223686155	0.663202426496109	-0.660512938371267	-0.611054854258124
0.76026542216873	0.659040268116718	-0.664338688766205	-0.606726266643908
0.76654860747591	0.654854157007359	-0.668137372741266	-0.60243933267192
0.772831792783089	0.650644262409715	-0.671909251736837	-0.598193957675193
0.779114978090269	0.646410751924909	-0.675654586477148	-0.593990008375601
0.785398163397448	0.642153791518774	-0.679373636727985	-0.589827312989714
0.791681348704628	0.637873545528627	-0.683066661055167	-0.585705661364177
0.797964534011807	0.63357017667157	-0.68673391658396	-0.58162480514059
0.804247719318987	0.62924384605429	-0.690375658759626	-0.577584457949814
0.810530904626167	0.624894713184369	-0.69399214110928	-0.573584295635631
0.816814089933346	0.620522935983075	-0.697583615005246	-0.569623956507629
0.823097275240526	0.616128670799641	-0.701150329430094	-0.565703041623155
0.829380460547705	0.611712072427017	-0.704692530743538	-0.561821115098192
0.835663645854885	0.607273294119075	-0.708210462451378	-0.557977704446939
0.841946831162065	0.602812487609258	-0.711704364976667	-0.554172300949865
0.848230016469244	0.598329803130666	-0.715174475433279	-0.550404360049999
0.854513201776424	0.593825389437552	-0.718621027402049	-0.546673301777158
0.860796387083603	0.589299393828217	-0.722044250709677	-0.542978511199812
0.867079572390783	0.58475196216928	-0.725444371210546	-0.539319338904265
0.873362757697962	0.580183238921324	-0.728821610571641	-0.535695101500762
0.879645943005142	0.575593367165864	-0.732176186060732	-0.532105082156179
0.885929128312322	0.570982488633649	-0.735508310337985	-0.528548531152845
0.892212313619501	0.566350743734258	-0.738818191251163	-0.525024666473094
0.898495498926681	0.56169827158697	-0.742106031634585	-0.521532674409076
0.90477868423386	0.557025210052885	-0.74537202911199	-0.518071710197342
0.91106186954104	0.552331695768272	-0.748616375903465	-0.514640898677708
0.91734505484822	0.547617864179119	-0.751839258636592	-0.511239334975867
0.923628240155399	0.54288384957685	-0.755040858161952	-0.507866085209197
0.929911425462579	0.538129785135194	-0.758221349373136	-0.5045201872152
0.936194610769758	0.533355802948164	-0.761380901031405	-0.501200651301984
0.942477796076938	0.528562034069132	-0.764519675595133	-0.497906461020162
0.948760981384117	0.523748608550944	-0.767637829054163	-0.49463657395556
0.955044166691297	0.518915655487082	-0.770735510769208	-0.491389922542066
0.961327351998477	0.514063303053796	-0.773812863316421	-0.488165414893963
0.967610537305656	0.509191678553217	-0.776870022337257	-0.484961935657053
0.973893722612836	0.50430090845738	-0.779907116393737	-0.481778346877886
0.980176907920015	0.499391118453146	-0.782924266829229	-0.478613488890359
0.986460093227195	0.494462433487986	-0.78592158763485	-0.475466181218956
0.992743278534375	0.489514977816574	-0.7888991853216	-0.4723352234979
0.999026463841554	0.484548875048179	-0.791857158798312	-0.469219396405433
1.00530964914873	0.479564248194795	-0.794795599255525	-0.466117462612455
1.01159283445591	0.474561219719986	-0.797714590055351	-0.463028167744755
1.01787601976309	0.469539911588405	-0.800614206627437	-0.459950241358015
1.02415920507027	0.464500445315944	-0.803494516371091	-0.45688239792479
1.03044239037745	0.459442942020484	-0.806355578563637	-0.453823337832641
1.03672557568463	0.454367522473195	-0.809197444275081	-0.450771748392613
1.04300876099181	0.449274307150358	-0.812020156289144	-0.447726304857193
1.04929194629899	0.444163416285658	-0.814823749030715	-0.444685671446942
1.05557513160617	0.43903496992292	-0.817608248499781	-0.44164850238493
1.06185831691335	0.433889087969229	-0.82037367221188	-0.438613442938124
1.06814150222053	0.428725890248412	-0.823120029145118	-0.43557913046489
1.07442468752771	0.42354549655483	-0.825847319693776	-0.432544195467725
1.08070787283489	0.418348026707438	-0.828555535628561	-0.429507262650375
1.08699105814207	0.41313360060408	-0.831244660063494	-0.426466951978458
1.09327424344925	0.407902338275961	-0.833914667429484	-0.423421879742733
1.09955742875643	0.402654359942277	-0.836565523454582	-0.420370659624163
1.10584061406361	0.397389786064935	-0.839197185150929	-0.417311903759864
1.11212379937079	0.392108737403344	-0.841809600808408	-0.414244223809131
1.11840698467797	0.38681133506922	-0.84440270999499	-0.411166232018633
1.12469016998515	0.381497700581369	-0.846976443563762	-0.40807654228594
1.13097335529233	0.376167955920403	-0.849530723666639	-0.40497377122052
1.13725654059951	0.370822223583354	-0.852065463774726	-0.401856539201363
1.14353972590668	0.365460626638132	-0.854580568705316	-0.398723471430373
1.14982291121386	0.360083288777798	-0.857075934655486	-0.395573198980703
1.15610609652104	0.354690334374606	-0.859551449242271	-0.392404359839198
1.16238928182822	0.349281888533763	-0.862006991549356	-0.38921559994211
1.1686724671354	0.343858077146892	-0.864442432180261	-0.386005574203293
1.17495565244258	0.33841902694512	-0.866857633317957	-0.382772947534051
1.18123883774976	0.33296486555179	-0.869252448790861	-0.379516395853855
1.18752202305694	0.327495721534726	-0.871626724145153	-0.376234607091138
1.19380520836412	0.322011724458029	-0.873980296723347	-0.372926282173408
1.2000883936713	0.316513004933359	-0.876312995749046	-0.369590136005891
1.20637157897848	0.310999694670666	-0.878624642417812	-0.366224898437991
1.21265476428566	0.305471926528332	-0.880915049994061	-0.362829315216803
1.21893794959284	0.29992983456268	-0.883184023913916	-0.359402148926969
1.22522113490002	0.294373554076824	-0.885431361893912	-0.355942179916182
1.2315043202072	0.288803221668818	-0.887656854045477	-0.352448207205629
1.23778750551438	0.283218975279061	-0.889860282995074	-0.348919049384711
1.24407069082156	0.27762095423694	-0.892041424009927	-0.345353545489371
1.25035387612874	0.272009299306656	-0.894200045129199	-0.341750555863413
1.25663706143592	0.266384152732214	-0.896335907300539	-0.338108963002151
1.2629202467431	0.260745658281539	-0.89844876452186	-0.33442767237782
1.26920343205028	0.255093961289683	-0.900538363988258	-0.330705613246132
1.27548661735746	0.249429208701091	-0.902604446243928	-0.326941739433434
1.28176980266464	0.243751549110906	-0.904646745338964	-0.323135030103896
1.28805298797182	0.23806113280526	-0.906664988990924	-0.319284490506217
1.29433617327899	0.232358111800547	-0.908658898751011	-0.315389152699334
1.30061935858617	0.226642639881636	-0.910628190174749	-0.311448076256635
1.30690254389335	0.220914872638987	-0.912572572997022	-0.307460348948235
1.31318572920053	0.215174967504673	-0.914491751311317	-0.303425087400833
1.31946891450771	0.209423083787241	-0.916385423753054	-0.299341437734749
1.32575209981489	0.203659382705431	-0.91825328368684	-0.295208576177737
1.33203528512207	0.197884027420684	-0.920095019397503	-0.29102570965517
1.33831847042925	0.19209718306846	-0.921910314284765	-0.286792076356264
1.34460165573643	0.186299016788302	-0.923698847061394	-0.28250694627598
1.35088484104361	0.180489697752661	-0.92546029195468	-0.278169621732305
1.35716802635079	0.174669397194435	-0.927194318911092	-0.27377943785861
1.36345121165797	0.168838288433212	-0.928900593803939	-0.269335763070814
1.36973439696515	0.162996546900211	-0.930578778643895	-0.264837999509107
1.37601758227233	0.157144350161871	-0.932228531792211	-0.260285583454014
1.38230076757951	0.151281877942119	-0.933849508176471	-0.255677985716581
1.38858395288669	0.145409312143246	-0.935441359508706	-0.251014712002522
1.39486713819387	0.139526836865431	-0.93700373450572	-0.246295303250153
1.40115032350105	0.133634638424856	-0.938536279111459	-0.241519335941991
1.40743350880823	0.127732905370429	-0.940038636721247	-0.236686422389905
1.41371669411541	0.121821828499086	-0.941510448407738	-0.231796210993713
1.41999987942259	0.115901600869671	-0.942951353148403	-0.22684838647319
1.42628306472977	0.109972417815386	-0.944360988054398	-0.221842670073413
1.43256625003695	0.104034476954788	-0.945738988600633	-0.216778819743432
1.43884943534413	0.0980879782013498	-0.947084988856877	-0.211656630288282
1.4451326206513	0.0921331237715603	-0.948398621719749	-0.206475933494324
1.45141580595848	0.086170118191562	-0.94967951914539	-0.201236598227997
1.45769899126566	0.0801991683023297	-0.950927312382694	-0.195938530508018
1.46398217657284	0.0742204832633803	-0.952141632206898	-0.190581673551132
1.47026536188002	0.0682342745550142	-0.953322109153376	-0.185166007791513
1.4765485471872	0.062240755979087	-0.954468373751478	-0.179691550873944
1.48283173249438	0.056240143658316	-0.955580056758242	-0.174158357620934
1.48911491780156	0.0502326560341117	-0.956656789391814	-0.168566519973923
1.49539810310874	0.0442185138629518	-0.957698203564424	-0.162916166908786
1.50168128841592	0.0381979402112887	-0.958703932114748	-0.157207464325825
1.5079644737231	0.0321711604489995	-0.959673609039496	-0.151440614914488
1.51424765903028	0.0261384022413866	-0.96060686972408	-0.145615857993054
1.52053084433746	0.0200998955397289	-0.961503351172184	-0.139733469323558
1.52681402964464	0.0140558725703965	-0.962362692234109	-0.133793760902223
1.53309721495182	0.00800656782253324	-0.96318453383371	-0.127797080725718
1.539380400259	0.00195221803432183	-0.963968519193802	-0.121743812533546
1.54566358556618	-0.00410693782216776	-0.964714294059867	-0.115634375526894
1.55194677087336	-0.010170658557525	-0.965421506921918	-0.109469224064307
1.55822995618054	-0.0162387007829349	-0.966089809234389	-0.103248847334547
1.56451314148772	-0.0223108189294908	-0.966718855633889	-0.0969737690070075
1.5707963267949	-0.0283867652688642	-0.967308304154698	-0.0906445468600987
1.57707951210208	-0.0344662899353272	-0.967857816441851	-0.0842617723879985
1.58336269740926	-0.040549140949098	-0.968367057961695	-0.0778260703862016
1.58964588271644	-0.04663506424101	-0.968835698209765	-0.0713380985163011
1.59592906802361	-0.05272380367847	-0.969263410915873	-0.0647985468504561
1.60221225333079	-0.0588151010927026	-0.969649874246261	-0.0582081373960043
1.60849543863797	-0.0649086963072492	-0.969994771002717	-0.0515676236007017
1.61477862394515	-0.0710043271677139	-0.970297788818511	-0.0448777898390656
1.62106180925233	-0.0771017295727269	-0.970558620351057	-0.0381394508803276
1.62734499455951	-0.0832006375061067	-0.970776963471166	-0.0313534513385007
1.63362817986669	-0.0893007830702049	-0.970952521448795	-0.0245206651050731
1.63991136517387	-0.0954018965204032	-0.971085003135177	-0.0176419947648633
1.64619455048105	-0.101503706300743	-0.971174123141226	-0.0107183709955659
1.65247773578823	-0.107605939080665	-0.971219602012127	-0.0037507519515341
1.65876092109541	-0.113708319792837	-0.971221166397993	0.0032598773676539
1.66504410640259	-0.119810571672034	-0.971178549220525	0.0103125057632789
1.67132729170977	-0.125912416295056	-0.971091489835552	0.0174060964976609
1.67761047701695	-0.13201357362166	-0.970959734191392	0.0245395879678554
1.68389366232413	-0.138113762036462	-0.970783034982935	0.0317118943922961
1.69017684763131	-0.144212698391804	-0.970561151801366	0.0389219065097998
1.69646003293849	-0.150310098051541	-0.970293851279475	0.04616849229035
1.70274321824567	-0.156405674935729	-0.969980907232444	0.0534504976570688
1.70902640355285	-0.162499141566188	-0.969622100794084	0.0607667472187832
1.71530958886003	-0.168590209112896	-0.969217220548424	0.0681160450125966
1.72159277416721	-0.174678587441206	-0.968766062656614	0.0754971752558558
1.72787595947439	-0.180763985159838	-0.968268430979065	0.0829089031069299
1.73415914478157	-0.186846109669627	-0.967724137192792	0.0903499754341855
1.74044233008875	-0.192924667212994	-0.967133000903899	0.0978191215925627
1.74672551539592	-0.198999362924102	-0.966494849755154	0.105315054207156
1.7530087007031	-0.205069900879682	-0.965809519528636	0.112836469963186
1.75929188601028	-0.211135984150479	-0.965076854243386	0.120382050401769
1.76557507131746	-0.217197314853301	-0.964296706248047	0.127950462720883
1.77185825662464	-0.223253594203637	-0.963468936308457	0.135540360580938
1.77814144193182	-0.229304522568801	-0.962593413690164	0.143150384914332
1.784424627239	-0.235349799521583	-0.961670016235852	0.150779164738433
1.79070781254618	-0.241389123894376	-0.960698630437637	0.158425317971365
1.79699099785336	-0.24742219383373	-0.959679151504242	0.166087452250033
1.80327418316054	-0.25344870685532	-0.958611483423016	0.173764165749787
1.80955736846772	-0.259468359899285	-0.957495539016812	0.181454048005157
1.8158405537749	-0.265480849385909	-0.956331239995691	0.189155680731081
1.82212373908208	-0.271485871271606	-0.955118517003481	0.196867638644054
1.82840692438926	-0.277483121105193	-0.953857309659167	0.204588490282636
1.83469010969644	-0.28347229408439	-0.952547566593134	0.21231679882676
1.84097329500362	-0.289453085112547	-0.951189245478268	0.220051122915288
1.8472564803108	-0.295425188855544	-0.949782313055927	0.227790017461277
1.85353966561798	-0.301388299798831	-0.948326745156793	0.235532034464392
1.85982285092516	-0.307342112304601	-0.946822526716636	0.24327572381997
1.86610603623234	-0.313286320669026	-0.945269651787006	0.25101963412418
1.87238922153952	-0.319220619179558	-0.943668123540875	0.258762313474782
1.8786724068467	-0.325144702172244	-0.942017954273266	0.266502310266963
1.88495559215388	-0.33105826408903	-0.940319165396901	0.274238173983768
1.89123877746106	-0.336960999535025	-0.938571787432893	0.281968455980613
1.89752196276823	-0.342852603335683	-0.936775859996539	0.28969171026342
1.90380514807541	-0.348732770593894	-0.934931431778234	0.297406494259888
1.91008833338259	-0.354601196746925	-0.933038560519573	0.305111369583435
1.91637151868977	-0.360457577623207	-0.931097312984667	0.312804902789375
1.92265470399695	-0.366301609498921	-0.92910776492674	0.320485666122859
1.92893788930413	-0.372132989154359	-0.927070001050053	0.328152238258183
1.93522107461131	-0.377951413930038	-0.924984114967205	0.335803205028994
1.94150425991849	-0.383756581782524	-0.922850209151887	0.343437160149033
1.94778744522567	-0.389548191339947	-0.920668394887123	0.351052705922971
1.95407063053285	-0.395325941957178	-0.918438792209093	0.358648453946967
1.96035381584003	-0.401089533770638	-0.916161529846575	0.366223025798573
1.96663700114721	-0.40683866775272	-0.913836745156093	0.3737750537156
1.97292018645439	-0.41257304576577	-0.911464584052835	0.381303181263609
1.97920337176157	-0.418292370615652	-0.909045200937409	0.388806063991658
1.98548655706875	-0.423996346104808	-0.906578758618523	0.396282370075999
1.99176974237593	-0.429684677084843	-0.904065428231655	0.40373078095137
1.99805292768311	-0.435357069508574	-0.901505389153797	0.411149991929605
2.00433611299029	-0.441013230481536	-0.898898828914351	0.418538712805239
2.01061929829747	-0.446652868312916	-0.896245943102271	0.425895668447826
2.01690248360465	-0.452275692565891	-0.893546935269509	0.433219599380707
2.02318566891183	-0.457881414107348	-0.890802016830883	0.440509262345954
2.02946885421901	-0.463469745156962	-0.888011406960434	0.44776343085524
2.03575203952619	-0.469040399335617	-0.885175332484364	0.454980895726397
2.04203522483337	-0.474593091713142	-0.882294027770649	0.462160465605445
2.04831841014055	-0.480127538855337	-0.879367734615425	0.469300967473865
2.05460159544772	-0.485643458870285	-0.876396702126225	0.476401247140916
2.0608847807549	-0.491140571453913	-0.873381186602171	0.483460169720814
2.06716796606208	-0.496618597934798	-0.870321451411224	0.490476620094591
2.07345115136926	-0.502077261318183	-0.867217766864571	0.497449503356457
2.07973433667644	-0.507516286329205	-0.864070410088263	0.504377745244539
2.08601752198362	-0.512935399455303	-0.860879664892189	0.511260292555819
2.0923007072908	-0.518334328987793	-0.857645821636505	0.518096113545172
2.09858389259798	-0.523712805062603	-0.854369177095591	0.524884198308376
2.10486707790516	-0.529070559700137	-0.851050034319661	0.531623559148974
2.11115026321234	-0.534407326844269	-0.847688702494123	0.53831323092892
2.11743344851952	-0.539722842400443	-0.844285496796775	0.544952271402904
2.1237166338267	-0.54501684427287	-0.84084073825296	0.551539761536301
2.12999981913388	-0.550289072400809	-0.837354753588775	0.558074805806668
2.13628300444106	-0.555539268793922	-0.833827875082433	0.564556532488764
2.14256618974824	-0.560767177566684	-0.830260440413891	0.570984093923036
2.14884937505542	-0.565972544971851	-0.826652792512839	0.577356666767546
2.1551325603626	-0.571155119432957	-0.823005279405161	0.583673452233353
2.16141574566978	-0.576314651575856	-0.819318254057967	0.589933676303305
2.16769893097696	-0.58145089425927	-0.815592074223302	0.596136589934277
2.17398211628414	-0.586563602604366	-0.811827102280641	0.602281469242871
2.18026530159132	-0.591652534023333	-0.808023705078264	0.608367615674596
2.1865484868985	-0.596717448246952	-0.804182253773619	0.614394356156573
2.19283167220568	-0.601758107351178	-0.800303123672784	0.620361043233814
2.19911485751286	-0.606774275782691	-0.796386694069115	0.626267055189145
2.20539804282003	-0.611765720383445	-0.792433348081201	0.632111796146814
2.21168122812721	-0.61673221041419	-0.788443472490213	0.637894696159903
2.21796441343439	-0.621673517576976	-0.784417457576752	0.643615211281602
2.22424759874157	-0.626589416036621	-0.780355696957311	0.649272823620449
2.23053078404875	-0.631479682441159	-0.776258587420427	0.654867041379661
2.23681396935593	-0.636344095941259	-0.772126528762641	0.660397398880656
2.24309715466311	-0.641182438208602	-0.767959923624366	0.665863456570889
2.24938033997029	-0.645994493453242	-0.763759177325738	0.671264801016157
2.25566352527747	-0.650780048439922	-0.759524697702586	0.676601044877495
2.26194671058465	-0.655538892503365	-0.755256894942572	0.681871826872823
2.26822989589183	-0.660270817562542	-0.75095618142164	0.687076811723507
2.27451308119901	-0.664975618133906	-0.746622971540832	0.692215690085995
2.28079626650619	-0.669653091343603	-0.742257681563592	0.697288178468707
2.28707945181337	-0.674303036938666	-0.737860729453626	0.702294019134359
2.29336263712055	-0.678925257297191	-0.733432534713434	0.70723297998792
2.29964582242773	-0.683519557437497	-0.728973518223581	0.712104854450386
2.30592900773491	-0.688085745026288	-0.724484102082807	0.716909461318583
2.31221219304209	-0.692623630385798	-0.719964709449066	0.721646644611212
2.31849537834927	-0.69713302649996	-0.715415764381569	0.726316273401351
2.32477856365645	-0.701613749019565	-0.710837691683925	0.730918241635632
2.33106174896363	-0.706065616266459	-0.706230916748454	0.735452467940343
2.33734493427081	-0.710488449236748	-0.701595865401773	0.739918895414653
2.34362811957799	-0.714882071603051	-0.696932963751699	0.744317491411256
2.34991130488517	-0.719246309715788	-0.692242638035589	0.748648247304625
2.35619449019234	-0.723580992603517	-0.687525314470166	0.752911178247168
2.36247767549952	-0.727885951972344	-0.68278141910291	0.757106322913528
2.3687608608067	-0.732161022204392	-0.678011377665103	0.761233743233287
2.37504404611388	-0.736406040355359	-0.673215615426581	0.76529352411235
2.38132723142106	-0.740620846151166	-0.668394557052274	0.769285773143275
2.38761041672824	-0.74480528198371	-0.663548626460595	0.773210620304823
2.39389360203542	-0.748959192905736	-0.658678246683767	0.777068217651009
2.4001767873426	-0.753082426624834	-0.65378383973011	0.780858738989946
2.40645997264978	-0.757174833496576	-0.6488658264484	0.78458237955275
2.41274315795696	-0.761236266516814	-0.643924626394326	0.788239355652817
2.41902634326414	-0.765266581313138	-0.638960657699123	0.791829904335752
2.42530952857132	-0.769265636135521	-0.633974336940428	0.795354283020247
2.4315927138785	-0.773233291846157	-0.628966079015428	0.798812769130221
2.43787589918568	-0.777169411908508	-0.623936297016338	0.802205659718502
2.44415908449286	-0.781073862375585	-0.618885402108273	0.805533271082371
2.45044226980004	-0.784946511877451	-0.613813803409561	0.808795938371272
2.45672545510722	-0.788787231608003	-0.608721907874542	0.811994015186986
2.4630086404144	-0.792595895311005	-0.603610120178905	0.815127873176595
2.46929182572158	-0.796372379265423	-0.598478842607604	0.81819790161853
2.47557501102876	-0.800116562270054	-0.593328474945391	0.821204507002026
2.48185819633594	-0.803828325627483	-0.588159414370018	0.824148112600302
2.48814138164312	-0.807507553127372	-0.582972055348136	0.827029158037759
2.4944245669503	-0.811154131029108	-0.577766789533934	0.829848098851543
2.50070775225748	-0.814767948043818	-0.572544005670541	0.832605406047759
2.50699093756465	-0.818348895315778	-0.567304089494251	0.835301565652666
2.51327412287183	-0.821896866403226	-0.562047423641557	0.837937078259179
2.51955730817901	-0.825411757258603	-0.556774387559073	0.840512458568968
2.52584049348619	-0.82889346620823	-0.551485357416331	0.843028234930493
2.53212367879337	-0.832341893931455	-0.546180706021496	0.845484948873286
2.53840686410055	-0.835756943439277	-0.540860802740021	0.84788315463878
2.54469004940773	-0.839138520052463	-0.535526013416259	0.85022341870802
2.55097323471491	-0.842486531379188	-0.530176700298047	0.852506319326561
2.55725642002209	-0.84580088729221	-0.524813221964289	0.854732446026857
2.56353960532927	-0.849081499905592	-0.519435933255545	0.856902399148457
2.56982279063645	-0.85232828355101	-0.514045185207638	0.859016789356336
2.57610597594363	-0.855541154753645	-0.508641324988297	0.861076237157626
2.58238916125081	-0.858720032207681	-0.503224695836838	0.863081372417103
2.58867234655799	-0.861864836751452	-0.497795637006893	0.865032833871693
2.59495553186517	-0.864975491342219	-0.492354483712191	0.866931268644326
2.60123871717235	-0.868051921030624	-0.486901567075397	0.868777331757417
2.60752190247953	-0.871094052934839	-0.481437214080003	0.870571685646297
2.61380508778671	-0.874101816214409	-0.475961747525285	0.872314999672855
2.62008827309389	-0.877075142043831	-0.470475485984305	0.874007949639712
2.62637145840107	-0.880013963585877	-0.464978743764967	0.875651217305204
2.63265464370825	-0.882918215964679	-0.459471830874119	0.877245489899463
2.63893782901543	-0.8857878362386	-0.453955052984687	0.878791459641865
2.64522101432261	-0.888622763372908	-0.44842871140584	0.880289823260159
2.65150419962979	-0.891422938212274	-0.442893103056169	0.881741281511505
2.65778738493696	-0.894188303453105	-0.437348520439869	0.883146538705744
2.66407057024414	-0.896918803615744	-0.431795251625904	0.884506302231131
2.67035375555132	-0.899614385016542	-0.426233580230152	0.885821282082808
2.6766369408585	-0.902274995739834	-0.420663785400499	0.887092190394297
2.68292012616568	-0.90490058560982	-0.415086141804863	0.888319740972236
2.68920331147286	-0.907491106162396	-0.409500919622137	0.88950464883464
2.69548649678004	-0.910046510616918	-0.403908384536019	0.890647629752926
2.70176968208722	-0.912566753847953	-0.398308797731703	0.891749399797935
2.7080528673944	-0.915051792357007	-0.392702415895415	0.892810674890222
2.71433605270158	-0.917501584244266	-0.387089491216761	0.893832170354808
2.72061923800876	-0.919916089180354	-0.381470271393851	0.894814600480665
2.72690242331594	-0.922295268378141	-0.375844999641181	0.895758678085136
2.73318560862312	-0.924639084564597	-0.370213914700237	0.896665114083511
2.7394687939303	-0.926947501952733	-0.364577250852781	0.897534617063999
2.74575197923748	-0.929220486213624	-0.358935237936794	0.898367892868273
2.75203516454466	-0.931458004448548	-0.353288101365036	0.899165644177823
2.75831834985184	-0.933660025161246	-0.347636062146187	0.899928570106308
2.76460153515902	-0.935826518230322	-0.341979336908525	0.900657365798099
2.7708847204662	-0.937957454881804	-0.336318137926118	0.901352722033205
2.77716790577338	-0.94005280766187	-0.330652673147459	0.902015324838779
2.78345109108056	-0.94211255040977	-0.324983146226542	0.902645855107364
2.78973427638774	-0.944136658230945	-0.319309756556299	0.903244988222073
2.79601746169492	-0.946125107470364	-0.313632699304381	0.903813393688857
2.8023006470021	-0.948077875686099	-0.307952165451213	0.904351734776029
2.80858383230927	-0.949994941623132	-0.302268341830309	0.904860668161211
2.81486701761645	-0.951876285187443	-0.296581411170766	0.905340843585836
2.82115020292363	-0.953721887420352	-0.290891552141913	0.905792903517372
2.82743338823081	-0.955531730473158	-0.285198939400053	0.90621748281939
2.83371657353799	-0.957305797582082	-0.279503743637258	0.906615208429628
2.83999975884517	-0.959044073043508	-0.273806131632158	0.906986699046163
2.84628294415235	-0.960746542189569	-0.268106266302673	0.90733256482182
2.85256612945953	-0.962413191364053	-0.262404306760652	0.907653407066946
2.85884931476671	-0.964044007898667	-0.25670040836833	0.90794981796064
2.86513250007389	-0.965638980089661	-0.250994722796599	0.908222380270554
2.87141568538107	-0.96719809717482	-0.245287398084992	0.908471667081364
2.87769887068825	-0.968721349310844	-0.239578578703354	0.908698241532009
2.88398205599543	-0.970208727551112	-0.233868405615137	0.908902656561766
2.89026524130261	-0.971660223823857	-0.228157016342262	0.909085454665263
2.89654842660979	-0.973075830910751	-0.222444545031485	0.909247167656497
2.90283161191697	-0.974455542425906	-0.216731122522229	0.909388316441912
2.90911479722415	-0.975799352795315	-0.211016876415805	0.90950941080263
2.91539798253133	-0.977107257236723	-0.205301931145974	0.90961094918586
2.92168116783851	-0.978379251739955	-0.199586408050791	0.909693418505552
2.92796435314569	-0.979615333047689	-0.193870425445675	0.90975729395234
2.93424753845287	-0.980815498636698	-0.188154098697638	0.909803038812813
2.94053072376005	-0.981979746699565	-0.182437540300625	0.909831104298137
2.94681390906723	-0.983108076126863	-0.176720859951903	0.909841929382067
2.95309709437441	-0.984200486489832	-0.171004164629429	0.909835940648361
2.95938027968159	-0.985256978023536	-0.165287558670159	0.90981355214762
2.96566346498876	-0.986277551610516	-0.159571143849218	0.909775165263552
2.97194665029594	-0.987262208764948	-0.153855019459885	0.909721168588672
2.97822983560312	-0.9882109516173	-0.14813928239433	0.909651937809432
2.9845130209103	-0.989123782899498	-0.142424027225036	0.909567835600771
2.99079620621748	-0.990000705930617	-0.136709346286866	0.909469211530076
2.99707939152466	-0.990841724603069	-0.130995329759692	0.909356401970532
3.00336257683184	-0.991646843369338	-0.125282065751549	0.909229730023831
3.00964576213902	-0.99241606722921	-0.119569640382234	0.909089505452221
3.0159289474462	-0.993149401717555	-0.11385813786732	0.908936024619844
3.02221213275338	-0.993846852892624	-0.108147640602486	0.908769570443332
3.02849531806056	-0.994508427324876	-0.102438229248151	0.908590412351617
3.03477850336774	-0.995134132086347	-0.0967299828143175	0.908398806254881
3.04106168867492	-0.995723974740548	-0.0910229787455877	0.908194994522625
3.0473448739821	-0.996277963332888	-0.0853172930062862	0.907979205970754
3.05362805928928	-0.99679610638165	-0.0796130001656374	0.907751655857643
3.05991124459646	-0.99727841286949	-0.0739101734829404	0.907512545889091
3.06619442990364	-0.997724892235471	-0.0682088849926795	0.907262064232095
3.07247761521082	-0.998135554367638	-0.0625092055895308	0.907000385537355
3.078760800518	-0.998510409596122	-0.0568112051131885	0.906727670970433
3.08504398582518	-0.998849468686776	-0.0511149524329779	0.906444068251456
3.09132717113236	-0.999152742835345	-0.0454205155321888	0.906149711703292
3.09761035643954	-0.999420243662162	-0.039727961592076	0.905844722308067
3.10389354174672	-0.999651983207372	-0.0340373570754862	0.905529207771944
3.1101767270539	-0.999847973926677	-0.0283487678100471	0.905203262598044
3.11645991236107	-1.00000822868761	-0.0226622590708749	0.904866968167382
3.12274309766825	-1.00013276076632	-0.0169778956627463	0.904520392827729
3.12902628297543	-1.00022158384486	-0.0112957420016926	0.904163591990246
3.13530946828261	-1.00027471200904	-0.00561586219595434	0.903796608233784
3.14159265358979	-1.00029215974669	6.16798737334556E-05	0.903419471416715
3.14787583889697	-1.00027394194652	0.0057368204745904	0.903032198796154
3.15415902420415	-1.00022007389742	0.0114094959430062	0.902634795154444
3.16044220951133	-1.00013057128829	0.0170796426065769	0.902227252932751
3.16672539481851	-1.00000545020831	0.0227471967069996	0.901809552371641
3.17300858012569	-0.999844727147739	0.028412094323874	0.901381661658472
3.17929176543287	-0.999648418999178	0.0340742712994522	0.900943537081466
3.18557495074005	-0.999416543059271	0.0397336631643705	0.900495123190295
3.19185813604723	-0.999149117030909	0.0453902050644205	0.900036352963033
3.19814132135441	-0.998846159025873	0.0510438316883806	0.899567147979309
3.20442450666159	-0.998507687567928	0.0566944771969575	0.899087418599498
3.21070769196877	-0.998133721596361	0.0623420751528717	0.898597064149788
3.21699087727595	-0.997724280469959	0.0679865584521268	0.898095973112952
3.22327406258313	-0.997279383971403	0.0736278592564867	0.897584023324655
3.22955724789031	-0.996799052312098	0.0792659089272132	0.897061082175128
3.23584043319749	-0.996283306137402	0.0849006379600834	0.896527006816025
3.24212361850467	-0.99573216653227	0.0905319759217156	0.895981644372301
3.24840680381185	-0.995145655027281	0.0961598513872563	0.895424832158911
3.25468998911903	-0.994523793605069	0.101784191879428	0.89485639790218
3.26097317442621	-0.993866604707115	0.107404923808994	0.894276159965624
3.26725635973338	-0.993174111240924	0.113021972416648	0.893683927580078
3.27353954504056	-0.992446336587548	0.118635261716368	0.893079501077914
3.27982273034774	-0.991683304609477	0.124244714440249	0.892462672131181
3.28610591565492	-0.990885039658853	0.129850251984848	0.891833223993476
3.2923891009621	-0.990051566586032	0.135451794359061	0.891190931745355
3.29867228626928	-0.989182910748463	0.141049260133544	0.890535562543097
3.30495547157646	-0.988279098019876	0.146642566391718	0.889866875870625
3.31123865688364	-0.987340154799778	0.152231628682361	0.889184623794411
3.31752184219082	-0.986366108023242	0.157816360973808	0.888488551221147
3.323805027498	-0.985356985170972	0.163396675609786	0.887778396158016
3.33008821280518	-0.98431281427965	0.168972483266882	0.887053889975355
3.33637139811236	-0.98323362395254	0.174543692913675	0.886314757671525
3.34265458341954	-0.982119443370339	0.18011021177154	0.885560718139792
3.34893776872672	-0.980970302302279	0.185671945277129	0.884791484437032
3.3552209540339	-0.979786231117452	0.191228797046548	0.884006764054068
3.36150413934108	-0.978567260796357	0.196780668841238	0.883206259187437
3.36778732464826	-0.977313422942655	0.20232746053557	0.882389667012412
3.37407050995544	-0.976024749795126	0.207869070086152	0.88155667995708
3.38035369526262	-0.974701274239806	0.213405393502867	0.880706985977284
3.3866368805698	-0.973343029822309	0.218936324821638	0.879840268832252
3.39292006587698	-0.971950050760312	0.224461756078927	0.8789562083607
3.39920325118416	-0.970522371956186	0.229981577287971	0.878054480757263
3.40548643649134	-0.969060029009789	0.235495676416753	0.877134758849022
3.41176962179852	-0.967563058231371	0.241003939367714	0.876196712371981
3.4180528071057	-0.966031496654619	0.246506249959194	0.875240008247286
3.42433599241287	-0.964465382049803	0.25200248990862	0.874264310857016
3.43061917772005	-0.962864752937023	0.257492538817409	0.873269282319365
3.43690236302723	-0.961229648599549	0.262976274157614	0.872254582763036
3.44318554833441	-0.959560109097238	0.26845357126028	0.871219870600668
3.44946873364159	-0.957856175280017	0.273924303305512	0.870164802801121
3.45575191894877	-0.956117888801427	0.279388341314266	0.869089035160457
3.46203510425595	-0.954345292132206	0.284845554141821	0.867992222571435
3.46831828956313	-0.952538428573917	0.290295808472947	0.866874019291348
3.47460147487031	-0.950697342272596	0.295738968818749	0.865734079208063
3.48088466017749	-0.948822078232412	0.301174897515176	0.864572056104058
3.48716784548467	-0.946912682329336	0.306603454723183	0.863387603918339
3.49345103079185	-0.944969201324805	0.312024498430534	0.862180377006051
3.49973421609903	-0.94299168287936	0.317437884455222	0.860950030395627
3.50601740140621	-0.940980175566273	0.322843466450501	0.859696220043345
3.51230058671339	-0.938934728885118	0.328241095911511	0.858418603085116
3.51858377202057	-0.936855393275315	0.333630622183472	0.85711683808538
3.52486695732775	-0.934742220129605	0.339011892471432	0.855790585282939
3.53115014263493	-0.93259526180746	0.344384751851553	0.854439506833615
3.53743332794211	-0.930414571648425	0.34974904328391	0.853063267049575
3.54371651324929	-0.928200203985365	0.355104607626782	0.851661532635197
3.54999969855647	-0.925952214157624	0.360451283652413	0.850233972919342
3.55628288386365	-0.92367065852408	0.365788908064225	0.84878026008391
3.56256606917083	-0.921355594476083	0.371117315515449	0.847300069388547
3.56884925447801	-0.919007080450277	0.376436338629162	0.845793079391388
3.57513243978518	-0.916625175941289	0.381745808019691	0.844258972165724
3.58141562509236	-0.914209941514277	0.387045552315372	0.842697433512461
3.58769881039954	-0.911761438817339	0.392335398182627	0.841108153168284
3.59398199570672	-0.909279730593754	0.397615170351335	0.839490825009404
3.6002651810139	-0.906764880694071	0.40288469164147	0.837845147250788
3.60654836632108	-0.904216954088022	0.408143782990975	0.836170822640779
3.61283155162826	-0.901636016876257	0.413392263484849	0.83446755865101
3.61911473693544	-0.899022136301887	0.418629950385403	0.832735067661509
3.62539792224262	-0.896375380761846	0.423856659163673	0.830973067140931
3.6316811075498	-0.893695819818037	0.429072203531943	0.829181279821811
3.63796429285698	-0.890983524208284	0.43427639547736	0.827359433870774
3.64424747816416	-0.888238565857058	0.439469045296596	0.825507263053622
3.65053066347134	-0.885461017885988	0.444649961631535	0.82362450689522
3.65681384877852	-0.882650954624146	0.449818951505946	0.821710910834138
3.6630970340857	-0.879808451618093	0.454975820363111	0.81976622637195
3.66938021939288	-0.876933585641693	0.460120372104378	0.817790211217171
3.67566340470006	-0.874026434705673	0.465252409128595	0.81578262942374
3.68194659000724	-0.87108707806694	0.470371732372402	0.813743251524033
3.68822977531442	-0.86811559623764	0.475478141351341	0.811671854656333
3.6945129606216	-0.865112070993954	0.480571434201741	0.809568222686734
3.70079614592878	-0.862076585384633	0.485651407723369	0.807432146325431
3.70707933123596	-0.859009223739257	0.490717857422777	0.80526342323736
3.71336251654314	-0.855910071676224	0.495770577557329	0.803061858147177
3.71964570185032	-0.852779216110458	0.500809361179885	0.800827262938526
3.72592888715749	-0.849616745260839	0.505834000184067	0.798559456747593
3.73221207246467	-0.846422748657335	0.510844285350113	0.796258266050925
3.73849525777185	-0.843197317147862	0.515840006391259	0.793923524747494
3.74477844307903	-0.839940542904833	0.520820952000618	0.791555074235015
3.75106162838621	-0.836652519431424	0.525786909898515	0.789152763480486
3.75734481369339	-0.833333341567533	0.530737666880263	0.786716449084985
3.76362799900057	-0.829983105495444	0.535673008864309	0.784245995342695
3.76991118430775	-0.826601908745183	0.540592720940744	0.781741274294186
3.77619436961493	-0.823189850199568	0.545496587420131	0.779202165773955
3.78247755492211	-0.819747030098955	0.550384391882606	0.776628557452252
3.78876074022929	-0.816273550045673	0.555255917227228	0.774020344871196
3.79504392553647	-0.812769513008144	0.560110945721541	0.771377431475215
3.80132711084365	-0.809235023324698	0.564949259051304	0.768699728635836
3.80761029615083	-0.805670186707073	0.56977063837036	0.765987155670864
3.81389348145801	-0.802075110243595	0.574574864350616	0.76323963985796
3.82017666676519	-0.798449902402054	0.579361717232078	0.760457116442695
3.82645985207237	-0.794794673032259	0.584130976872927	0.757639528641087
3.83274303737955	-0.791109533368277	0.588882422799595	0.754786827636693
3.83902622268673	-0.787394596030366	0.5936158342568	0.751898972572289
3.84530940799391	-0.78364997502658	0.598330990257519	0.748975930536206
3.85159259330109	-0.779875785754078	0.603027669632851	0.746017676543366
3.85787577860827	-0.7760721450001	0.607705651081749	0.743024193511088
3.86415896391545	-0.772239170942652	0.612364713220583	0.739995472229723
3.87044214922263	-0.768376983150861	0.617004634632503	0.736931511328184
3.8767253345298	-0.764485702585033	0.621625193916566	0.733832317234452
3.88300851983698	-0.760565451596401	0.626226169736606	0.730697904131116
3.88929170514416	-0.756616353926563	0.6308073408698	0.727528293906032
3.89557489045134	-0.752638534706616	0.635368486254918	0.724323516098186
3.90185807575852	-0.748632120455996	0.639909385040214	0.721083607838833
3.9081412610657	-0.744597239081008	0.644429816630929	0.717808613788
3.91442444637288	-0.740534019873061	0.64892956073639	0.714498586066452
3.92070763168006	-0.736442593506618	0.653408397416653	0.7111535841832
3.92699081698724	-0.732323092036839	0.657866107128696	0.707773674958641
3.93327400229442	-0.728175648896948	0.662302470772098	0.704358932443451
3.9395571876016	-0.724000398895311	0.666717269734205	0.700909437833293
3.94584037290878	-0.719797478212224	0.671110285934743	0.697425279379482
3.95212355821596	-0.715567024396437	0.675481301869862	0.693906552295668
3.95840674352314	-0.711309176361392	0.679830100655574	0.690353358660685
3.96468992883032	-0.707024074381194	0.684156466070579	0.686765807317637
3.9709731141375	-0.70271186008631	0.688460182598433	0.683144013769358
3.97725629944468	-0.698372676459019	0.692741035469059	0.679488100070342
3.98353948475186	-0.694006667828585	0.696998810699564	0.675798194715263
3.98982267005904	-0.68961397986619	0.701233295134341	0.672074432524204
3.99610585536622	-0.685194759579607	0.705444276484449	0.668316954524697
4.0023890406734	-0.68074915530764	0.709631543366233	0.66452590783072
4.00867222598058	-0.676277316714308	0.713794885339179	0.660701445518738
4.01495541128776	-0.671779394782809	0.717934092942984	0.656843726500944
4.02123859659494	-0.667255541809244	0.722048957733812	0.652952915395791
4.02752178190211	-0.662705911396119	0.726139272319739	0.649029182395967
4.03380496720929	-0.658130658445626	0.730204830395353	0.645072703133916
4.04008815251647	-0.653529939152709	0.734245426775505	0.64108365854505
4.04637133782365	-0.648903910997926	0.738260857428193	0.637062234728767
4.05265452313083	-0.644252732740094	0.742250919506568	0.633008622807405
4.05893770843801	-0.639576564408756	0.746215411380042	0.628923018783273
4.06522089374519	-0.634875567296431	0.7501541326645	0.624805623393863
4.07150407905237	-0.630149903950699	0.754066884251589	0.62065664196541
4.07778726435955	-0.62539973816609	0.757953468337091	0.616476284264888
4.08407044966673	-0.620625234975809	0.761813688448348	0.612264764350616
4.09035363497391	-0.615826560643279	0.765647349470762	0.608022300421568
4.09663682028109	-0.611003882653531	0.769454257673329	0.603749114665545
4.10292000558827	-0.606157369704433	0.773234220733223	0.599445433106325
4.10920319089545	-0.60128719169777	0.776987047759417	0.595111485449936
4.11548637620263	-0.596393519730167	0.780712549315331	0.590747504930157
4.12176956150981	-0.591476526083891	0.784410537440517	0.586353728153426
4.12805274681699	-0.586536384217509	0.788080825671355	0.581930394943222
4.13433593212417	-0.581573268756417	0.791723229060779	0.577477748184121
4.14061911743135	-0.576587355483255	0.795337564197018	0.572996033665593
4.14690230273853	-0.571578821328202	0.798923649221361	0.568485499925708
4.15318548804571	-0.566547844359165	0.802481303844933	0.563946398094876
4.15946867335289	-0.561494603771871	0.806010349364494	0.55937898173973
4.16575185866007	-0.556419279879846	0.809510608677253	0.554783506707299
4.17203504396725	-0.551322054104323	0.812981906294714	0.550160230969586
4.17831822927443	-0.546203108964059	0.816424068355532	0.545509414468684
4.1846014145816	-0.541062628065069	0.819836922637418	0.54083131896254
4.19088459988878	-0.535900796090293	0.823220298568054	0.536126207871513
4.19716778519596	-0.530717798789199	0.826574027235067	0.53139434612582
4.20345097050314	-0.525513822967328	0.829897941395035	0.526636000014018
4.20973415581032	-0.520289056475772	0.83319187548155	0.521851437032615
4.2160173411175	-0.515043688200625	0.836455665612337	0.517040925736945
4.22230052642468	-0.509777908052373	0.839689149595445	0.512204735593418
4.22858371173186	-0.504491906955261	0.842892166934508	0.507343136833252
4.23486689703904	-0.499185876836625	0.846064558833097	0.502456400307814
4.24115008234622	-0.493860010616197	0.849206168198166	0.497544797345658
4.2474332676534	-0.488514502195395	0.852316839642606	0.492608599611402
4.25371645296058	-0.483149546446603	0.855396419486914	0.487648078966506
4.25999963826776	-0.477765339202429	0.858444755760009	0.482663507332097
4.26628282357494	-0.47236207724498	0.861461698199169	0.477655156553921
4.27256600888212	-0.466939958295128	0.864447098249143	0.472623298269528
4.2788491941893	-0.46149918100178	0.867400809060438	0.467568203777787
4.28513237949648	-0.456039944931178	0.870322685486777	0.462490143910824
4.29141556480366	-0.4505624505562	0.873212584081779	0.457389388908484
4.29769875011084	-0.445066899245697	0.876070363094846	0.452266208295404
4.30398193541802	-0.439553493253848	0.878895882466289	0.447120870760778
4.3102651207252	-0.434022435709554	0.881689003821713	0.441953644040912
4.31654830603238	-0.428473930605876	0.884449590465663	0.436764794804649
4.32283149133956	-0.422908182789494	0.88717750737457	0.431554588541738
4.32911467664673	-0.417325397950239	0.889872621188995	0.426323289454233
4.33539786195391	-0.411725782610657	0.892534800205206	0.421071160350991
4.34168104726109	-0.406109544115633	0.895163914366106	0.415798462545353
4.34796423256827	-0.400476890622079	0.897759835251514	0.410505455756058
4.35424741787545	-0.394828031088679	0.900322436067854	0.405192398011481
4.36053060318263	-0.389163175265701	0.902851591637235	0.39985954555724
4.36681378848981	-0.383482533684886	0.905347178385969	0.394507152767246
4.37309697379699	-0.3777863176494	0.907809074332543	0.389135472058239
4.37938015910417	-0.372074739223874	0.910237159075061	0.383744753807883
4.38566334441135	-0.366348011224518	0.912631313778184	0.37833524627647
4.39194652971853	-0.36060634720932	0.91499142115959	0.372907195532263
4.39822971502571	-0.35484996146833	0.917317365475977	0.367460845380547
4.40451290033289	-0.349079069014041	0.91960903250863	0.361996437296425
4.41079608564007	-0.343293885571851	0.921866309548579	0.356514210361389
4.41707927094725	-0.337494627570625	0.92408908538137	0.351014401203719
4.42336245625443	-0.331681512133356	0.926277250271478	0.345497243942728
4.42964564156161	-0.325854757067919	0.928430695946369	0.339962970136901
4.43592882686879	-0.320014580857935	0.930549315580266	0.334411808735938
4.44221201217597	-0.314161202653728	0.93263300377761	0.328843986036746
4.44849519748315	-0.308294842263389	0.934681656556271	0.323259725643369
4.45477838279033	-0.302415720143959	0.936695171330507	0.317659248430925
4.46106156809751	-0.296524057392696	0.938673446893718	0.312042772513505
4.46734475340469	-0.290620075738475	0.940616383401006	0.306410513216102
4.47362793871187	-0.284703997533278	0.942523882351575	0.300762683050532
4.47991112401905	-0.278776045743818	0.944395846570987	0.295099491695399
4.48619430932622	-0.272836443943245	0.94623218019331	0.289421145980051
4.4924774946334	-0.26688541630299	0.948032788643178	0.283727849872587
4.49876067994058	-0.260923187584717	0.949797578617778	0.278019804471866
4.50504386524776	-0.25494998313237	0.951526458068818	0.27229720800353
4.51132705055494	-0.248966028864361	0.953219336184466	0.266560255820031
4.51761023586212	-0.24297155126585	0.954876123371308	0.260809140404649
4.5238934211693	-0.236966777381151	0.956496731236342	0.255044051379481
4.53017660647648	-0.230951934806241	0.958081072569044	0.249265175517376
4.53645979178366	-0.224927251681389	0.959629061323502	0.243472696757826
4.54274297709084	-0.218892956683893	0.961140612600682	0.237666796226741
4.54902616239802	-0.212849279020934	0.962615642630821	0.231847652260118
4.5553093477052	-0.20679644842253	0.964054068755977	0.226015440431561
4.56159253301238	-0.200734695134606	0.965455809412774	0.22017033358361
4.56787571831956	-0.194664249912171	0.96682078411535	0.214312501862857
4.57415890362674	-0.188585344012603	0.968148913438534	0.208442112758805
4.58044208893392	-0.182498209189029	0.969440119001287	0.202559331146421
4.5867252742411	-0.176403077683825	0.970694323450418	0.196664319332349
4.59300845954828	-0.170300182222205	0.971911450444596	0.190757237104742
4.59929164485546	-0.16418975600591	0.973091424638697	0.184838241786626
4.60557483016264	-0.158072032706999	0.974234171668491	0.178907488292802
4.61185801546982	-0.151947246461733	0.975339618135698	0.172965129190178
4.618141200777	-0.145815631864552	0.976407691593431	0.167011314761512
4.62442438608418	-0.139677423962141	0.977438320532061	0.161046193072474
4.63070757139136	-0.133532858247584	0.978431434365498	0.155069910041997
4.63699075669853	-0.127382170654609	0.979386963417935	0.14908260951583
4.64327394200571	-0.121225597551896	0.980304838911063	0.143084433343223
4.64955712731289	-0.115063375737489	0.981184992951773	0.137075521456711
4.65584031262007	-0.108895742433267	0.982027358520373	0.13105601195487
4.66212349792725	-0.102722935279492	0.982831869459331	0.12502604118803
4.66840668323443	-0.0965451923294242	0.98359846046257	0.118985743846821
4.67468986854161	-0.090362752044007	0.984327067065322	0.112935253053507
4.68097305384879	-0.0841758532866085	0.98501762563457	0.106874700456014
4.68725623915597	-0.0779847353178282	0.985670073360085	0.100804216324578
4.69353942446315	-0.0717896377903484	0.98628434824608	0.0947239296509242
4.69982260977033	-0.0655908007438432	0.9868603891035	0.0886339682498956
4.70610579507751	-0.0593884645999389	0.987398135542944	0.0825344588634545
4.71238898038469	-0.0531828701571984	0.987897527968263	0.076425527266942
4.71867216569187	-0.0469742585861637	0.988358507570825	0.0703072983775411
4.72495535099905	-0.0407628714244202	0.988781016324469	0.0641798963648283
4.73123853630623	-0.0345489505716992	0.989164996981159	0.0580434447633347
4.73752172161341	-0.0283327382849929	0.989510393067353	0.0518980665870068
4.74380490692059	-0.0221144771737056	0.989817148881098	0.0457438844454983
4.75008809222777	-0.0158944101948059	0.990085209489859	0.0395810206621682
4.75637127753495	-0.00967278064800386	0.990314520729093	0.0334095973937144
4.76265446284213	-0.0034498321709216	0.990505029201585	0.0272297367513227
4.76893764814931	0.00277419126572415	0.990656682277544	0.0210415609232475
4.77522083345649	0.00899904536294599	0.990769428095476	0.0148451922987211
4.78150401876367	0.0152244854983184	0.990843215563841	0.00864075359308469
4.78778720407084	0.0214502667308251	0.990877994363497	0.00242836797404422
4.79407038937802	0.0276761438057203	0.990873714950941	-0.00379184081104922
4.8003535746852	0.0339018711594117	0.990830328562354	-0.0100197483069953
4.80663675999238	0.0401272029243795	0.990747787218454	-0.0162552292217332
4.81291994529956	0.0463518929341204	0.99062604373016	-0.0224981572966105
4.81920313060674	0.0525756947281307	0.990465051705076	-0.0287484051760397
4.82548631591392	0.0587983615569368	0.990264765554792	-0.0350058442766589
4.8317695012211	0.0650196463871731	0.990025140503015	-0.0412703446560876
4.83805268652828	0.0712393019067106	0.989746132594513	-0.0475417748813851
4.84433587183546	0.077457080529844	0.989427698704903	-0.0538200018973199
4.85061905714264	0.0836727344025505	0.989069796551253	-0.0601048908945565
4.85690224244982	0.0898860154078057	0.988672384703519	-0.0663963051778529
4.863185427757	0.0960966751709874	0.988235422596807	-0.0726941060343934
4.86946861306418	0.102304465065345	0.987758870544465	-0.0789981526023361
4.87575179837136	0.108509136217567	0.987242689751996	-0.0853083017397047
4.88203498367854	0.114710439513429	0.986686842331798	-0.0916244078937087
4.88831816898572	0.120908125603545	0.986091291318716	-0.0979463229706052
4.8946013542929	0.127101944909202	0.98545600068642	-0.104273896206202
4.90088453960008	0.133291647628331	0.984780935364584	-0.110606974037108
4.90716772490726	0.139476983741554	0.984066061256879	-0.116945399972833
4.91345091021444	0.145657703018369	0.983311345259764	-0.123289014468824
4.91973409552162	0.15183355502345	0.982516755282069	-0.129637654800561
4.9260172808288	0.158004289123069	0.98168226026537	-0.135991154938797
4.93230046613598	0.164169654491652	0.980807830205141	-0.142349345426042
4.93858365144315	0.170329400118468	0.979893436172681	-0.148712053254392
4.94486683675033	0.176483274814462	0.978939050337798	-0.155079101744802
4.95115002205751	0.182631027219228	0.977944645992254	-0.161450310427896
4.95743320736469	0.188772405808137	0.976910197573949	-0.167825494926398
4.96371639267187	0.194907158899612	0.975835680691839	-0.174204466839299
4.96999957797905	0.201035034662569	0.974721072151583	-0.180587033627835
4.97628276328623	0.207155781124018	0.973566349981883	-0.186972998503376
4.98256594859341	0.213269146176834	0.972371493461547	-0.193362160317307
4.98884913390059	0.219374877587693	0.971136483147214	-0.199754313452997
4.99513231920777	0.225472723005197	0.969861300901766	-0.20614924771994
5.00141550451495	0.231562429968169	0.968545929923391	-0.21254674825015
5.00769868982213	0.237643745914131	0.967190354775294	-0.218946595396893
5.01398187512931	0.243716418187984	0.965794561416035	-0.225348564635853
5.02026506043649	0.249780194050869	0.964358537230473	-0.231752426468786
5.02654824574367	0.255834820689226	0.962882271061325	-0.238157946329764
5.03283143105085	0.261880045224055	0.961365753241285	-0.244564884494068
5.03911461635803	0.267915614720382	0.959808975625722	-0.250972995989823
5.04539780166521	0.273941276196928	0.95821193162592	-0.257382030512428
5.05168098697239	0.279956776635993	0.956574616242839	-0.26379173234187
5.05796417227957	0.285961862993551	0.954897026101402	-0.270201840262981
5.06424735758675	0.291956282209562	0.95317915948526	-0.276612087488704
5.07053054289393	0.297939781218507	0.951421016372031	-0.283022201586445
5.07681372820111	0.303912106960139	0.949622598469004	-0.289431904407556
5.08309691350829	0.309873006390465	0.947783909249259	-0.295840912020029
5.08938009881546	0.315822226492962	0.945904953988212	-0.30224893464445
5.09566328412264	0.32175951429001	0.943985739800546	-0.308655676593264
5.10194646942982	0.327684616854565	0.942026275677517	-0.315060836213421
5.108229654737	0.333597281322074	0.940026572524604	-0.321464105832446
5.11451284004418	0.339497254902619	0.937986643199495	-0.327865171707979
5.12079602535136	0.345384284893297	0.935906502550372	-0.334263713980842
5.12707921065854	0.351258118690858	0.933786167454481	-0.34065940663168
5.13336239596572	0.35711850380457	0.931625656856968	-0.347051917441208
5.1396455812729	0.362965187869336	0.929424991809945	-0.353440907954112
5.14592876658008	0.368797918659053	0.927184195511781	-0.359826033446645
5.15221195188726	0.374616444100227	0.924903293346575	-0.366206942897955
5.15849513719444	0.380420512285823	0.922582312923804	-0.372583278965166
5.16477832250162	0.386209871489382	0.920221284118117	-0.378954677962268
5.1710615078088	0.391984270179369	0.917820239109239	-0.385320769842814
5.17734469311598	0.39774345703379	0.915379212421988	-0.391681178186484
5.18362787842316	0.403487180955048	0.912898240966347	-0.398035520189514
5.18991106373034	0.409215191085055	0.910377364077599	-0.404383406659021
5.19619424903752	0.414927236820599	0.907816623556473	-0.410724442011256
5.2024774343447	0.420623067828962	0.905216063709299	-0.417058224273779
5.20876061965188	0.426302434063786	0.90257573138813	-0.423384345091591
5.21504380495906	0.431965085781196	0.899895676030812	-0.429702389737217
5.22132699026624	0.437610773556171	0.897175949700989	-0.436011937124775
5.22761017557342	0.443239248299174	0.894416607127991	-0.44231255982801
5.2338933608806	0.448850261273014	0.891617705746613	-0.448603824102312
5.24017654618777	0.454443564109982	0.888779305736725	-0.454885289910734
5.24645973149495	0.460018908829215	0.885901470062726	-0.461156510953979
5.25274291680213	0.46557604785432	0.882984264512778	-0.467417034704379
5.25902610210931	0.471114734031234	0.880027757737831	-0.473666402443853
5.26530928741649	0.476634720646338	0.877032021290381	-0.479904149305838
5.27159247272367	0.482135761444805	0.873997129662967	-0.486129804321177
5.27787565803085	0.487617610649196	0.870923160326353	-0.49234289046797
5.28415884333803	0.49308002297829	0.8678101937674	-0.498542924725344
5.29044202864521	0.498522753666155	0.864658313526571	-0.504729418131168
5.29672521395239	0.503945558481449	0.861467606235075	-0.510901875843644
5.30300839925957	0.509348193746955	0.858238161651605	-0.517059797206798
5.30929158456675	0.514730416359348	0.854970072698655	-0.523202675819818
5.31557476987393	0.520091983809185	0.851663435498383	-0.529329999610235
5.32185795518111	0.525432654201123	0.848318349408013	-0.535441250910896
5.32814114048829	0.530752186274352	0.844934917054734	-0.541535906540716
5.33442432579547	0.53605033942325	0.841513244370078	-0.547613437889182
5.34070751110265	0.541326873718254	0.838053440623765	-0.553673311004553
5.34699069640983	0.546581549926936	0.834555618456972	-0.559714986685732
5.35327388171701	0.551814129535291	0.83101989391502	-0.565737920577783
5.35955706702419	0.557024374769228	0.827446386479442	-0.571741563271034
5.36584025233137	0.562212048616257	0.823835219099429	-0.57772536040373
5.37212343763855	0.567376914847375	0.82018651822261	-0.583688752768188
5.37840662294573	0.572518738039144	0.816500413825156	-0.589631176420427
5.38468980825291	0.577637283595952	0.812777039441189	-0.595552062793193
5.39097299356009	0.582732317772459	0.809016532191461	-0.601450838812358
5.39725617886726	0.587803607696222	0.805219032811306	-0.607326927016613
5.40353936417444	0.592850921390491	0.801384685677813	-0.61317974568044
5.40982254948162	0.597874027797174	0.797513638836229	-0.61900870894026
5.4161057347888	0.602872696799967	0.79360604402555	-0.624813226923737
5.42238892009598	0.607846699247636	0.789662056703301	-0.630592705882161
5.42867210540316	0.612795806977464	0.785681836069463	-0.636346548325861
5.43495529071034	0.617719792838835	0.781665545089544	-0.642074153162566
5.44123847601752	0.62261843071696	0.777613350516779	-0.647774915838673
5.4475216613247	0.62749149555675	0.773525422913421	-0.653448228483345
5.45380484663188	0.632338763386811	0.769401936671123	-0.659093480055373
5.46008803193906	0.637160011343562	0.765243070030397	-0.664710056492728
5.46637121724624	0.641955017695484	0.761049005099112	-0.670297340864753
5.47265440255342	0.646723561867469	0.756819927870032	-0.675854713526901
5.4789375878606	0.651465424465286	0.752556028237379	-0.68138155227796
5.48522077316778	0.656180387300142	0.748257500012393	-0.68687723251969
5.49150395847496	0.660868233413338	0.743924540937892	-0.692341127418791
5.49778714378214	0.66552874710102	0.739557352701792	-0.697772608071133
5.50407032908932	0.670161713939001	0.735156140949603	-0.703171043668179
5.5103535143965	0.674766920807667	0.730721115295863	-0.708535801665492
5.51663669970368	0.679344155916948	0.726252489334511	-0.713866247953289
5.52291988501086	0.68389320883135	0.721750480648185	-0.719161747028932
5.52920307031804	0.688413870495045	0.717215310816418	-0.724421662171282
5.53548625562522	0.692905933257003	0.712647205422754	-0.72964535561684
5.54176944093239	0.697369190896174	0.708046394060728	-0.734832188737594
5.54805262623957	0.701803438646698	0.70341311033874	-0.739981522220479
5.55433581154675	0.706208473223142	0.698747591883792	-0.74509271624837
5.56061899685393	0.71058409284576	0.694050080344085	-0.75016513068253
5.56690218216111	0.714930097265763	0.689320821390453	-0.755198125246422
5.57318536746829	0.719246287790596	0.684560064716661	-0.760191059710795
5.57946855277547	0.723532467309212	0.679768064038514	-0.765143294079968
5.58575173808265	0.727788440317339	0.674945077091806	-0.770054188779222
5.59203492338983	0.732014012942728	0.670091365629079	-0.774923104843206
5.59831810869701	0.736208992970377	0.665207195415206	-0.779749404105278
5.60460129400419	0.740373189867725	0.660292836221771	-0.784532449387692
5.61088447931137	0.744506414809803	0.655348561820259	-0.789271604692534
5.61716766461855	0.748608480704348	0.650374649974037	-0.793966235393341
5.62345084992573	0.752679202216852	0.645371382429138	-0.798615708427287
5.62973403523291	0.756718395795552	0.640339044903829	-0.803219392487862
5.63601722054009	0.760725879696359	0.635277927076969	-0.807776658217963
5.64230040584727	0.764701474007697	0.630188322575154	-0.812286878403295
5.64858359115445	0.768645000675263	0.625070528958648	-0.816749428165992
5.65486677646163	0.772556283526704	0.619924847706086	-0.821163685158393
5.66114996176881	0.776435148296176	0.614751584197977	-0.825529029756852
5.66743314707599	0.780281422648812	0.609551047698971	-0.829844845255524
5.67371633238317	0.784094936205062	0.604323551338924	-0.834110518060009
5.67999951769035	0.787875520564925	0.599069412092738	-0.838325437880807
5.68628270299753	0.791623009332029	0.593788950758988	-0.84248899792645
5.69256588830471	0.795337238137599	0.588482491937338	-0.846600595096266
5.69884907361188	0.799018044664254	0.583150364004747	-0.850659630172658
5.70513225891906	0.80266526866967	0.577792899090468	-0.854665508012833
5.71141544422624	0.806278752010075	0.572410433049844	-0.858617637739887
5.71769862953342	0.809858338663568	0.567003305436908	-0.862515432933153
5.7239818148406	0.813403874753278	0.561571859475787	-0.866358311817748
5.73026500014778	0.816915208570325	0.556116442030916	-0.87014569745322
5.73654818545496	0.8203921905966	0.550637403576076	-0.873877017921216
5.74283137076214	0.823834673527338	0.54513509816225	-0.877551706512083
5.74911455606932	0.827242512293497	0.539609883384314	-0.881169201910347
5.7553977413765	0.830615564083909	0.534062120346563	-0.884728948378942
5.76168092668368	0.833953688367228	0.528492173627088	-0.888230395942162
5.76796411199086	0.837256746913633	0.522900411241004	-0.89167300056721
5.77424729729804	0.840524603816311	0.517287204602541	-0.895056224344311
5.78053048260522	0.843757125512691	0.511652928486011	-0.898379535665269
5.7868136679124	0.846954180805427	0.505997960985663	-0.901642409400419
5.79309685321958	0.850115640883134	0.500322683474415	-0.904844327073901
5.79938003852676	0.853241379340851	0.494627480561512	-0.907984777037157
5.80566322383394	0.856331272200244	0.488912740049077	-0.911063254640608
5.81194640914112	0.859385197929525	0.483178852887614	-0.914079262403417
5.8182295944483	0.862403037463092	0.477426213130424	-0.91703231018128
5.82451277975548	0.865384674220881	0.471655217886997	-0.919921915332172
5.83079596506266	0.868329994127415	0.46586626727535	-0.922747602879979
5.83707915036984	0.871238885630557	0.460059764373361	-0.92550890567594
5.84336233567702	0.874111239719954	0.454236115169081	-0.928205364557861
5.8496455209842	0.87694694994516	0.448395728510058	-0.930836528507003
5.85592870629137	0.87974591243344	0.442539016051688	-0.933401954802598
5.86221189159855	0.882508025907255	0.436666392204596	-0.93590120917394
5.86849507690573	0.885233191701397	0.43077827408107	-0.938333865949961
5.87477826221291	0.887921313779797	0.424875081440566	-0.940699508206272
5.88106144752009	0.890572298751984	0.418957236634299	-0.94299772790957
5.88734463282727	0.893186055889194	0.413025164548926	-0.945228126059401
5.89362781813445	0.895762497140121	0.407079292549356	-0.947390312827169
5.89991100344163	0.898301537146303	0.40112005042069	-0.949483907692396
5.90619418874881	0.90080309325715	0.395147870309321	-0.95150853957613
5.91247737405599	0.903267085544586	0.389163186663195	-0.953463846971489
5.91876055936317	0.905693436817329	0.383166436171263	-0.955349478071268
5.92504374467035	0.908082072634771	0.377158057702151	-0.957165090892572
5.93132692997753	0.910432921320483	0.37113849224204	-0.958910353398429
5.93761011528471	0.912745913975323	0.365108182831805	-0.960584943616335
5.94389330059189	0.915020984490145	0.359067574503412	-0.962188549753692
5.95017648589907	0.917258069558107	0.353017114215604	-0.963720870310092
5.95645967120625	0.919457108686576	0.346957250788885	-0.965181614186421
5.96274285651343	0.921618044208619	0.340888434839832	-0.966570500790727
5.96902604182061	0.92374082129408	0.334811118714757	-0.967887260140827
5.97530922712779	0.925825387960233	0.328725756422729	-0.969131632963621
5.98159241243497	0.927871695082029	0.322632803567977	-0.970303370791065
5.98787559774215	0.929879696401893	0.316532717281717	-0.971402236052791
5.99415878304933	0.931849348539108	0.310425956153393	-0.972428002165332
6.0004419683565	0.933780610998761	0.304312980161371	-0.973380453617921
6.00672515366368	0.935673446180247	0.298194250603109	-0.974259386054855
6.01300833897086	0.937527819385342	0.292070230024816	-0.975064606354368
6.01929152427804	0.939343698825819	0.285941382150635	-0.975795932704035
6.02557470958522	0.941121055630631	0.279808171811349	-0.976453194672631
6.0318578948924	0.94285986385264	0.273671064872656	-0.977036233278478
6.03814108019958	0.94456010047489	0.267530528163025	-0.977544901054218
6.04442426550676	0.946221745416427	0.261387029401158	-0.977979062108029
6.05070745081394	0.94784478153767	0.255241037123069	-0.978338592181241
6.05699063612112	0.949429194645312	0.249093020608826	-0.978623378702367
6.0632738214283	0.950974973496762	0.242943449808956	-0.978833320837504
6.06955700673548	0.952482109804129	0.236792795270544	-0.978968329537129
6.07584019204266	0.953950598237739	0.230641528063055	-0.979028327579254
6.08212337734984	0.955380436429178	0.224490119703891	-0.979013249608945
6.08840656265702	0.956771624973877	0.218339042083717	-0.978923042174201
6.0946897479642	0.958124167433219	0.212188767391564	-0.978757663758184
6.10097293327138	0.95943807033618	0.206039768039754	-0.978517084807799
6.10725611857856	0.960713343180493	0.199892516588643	-0.978201287758626
6.11353930388574	0.961949998433345	0.193747485671227	-0.977810267056204
6.11982248919292	0.963148051531592	0.187605147917624	-0.977344029173669
6.1261056745001	0.964307520881509	0.181465975879457	-0.976802592625744
6.13238885980728	0.965428427858052	0.175330441954161	-0.9761859879791
6.13867204511446	0.966510796803657	0.169199018309233	-0.975494257859086
6.14495523042164	0.967554655026554	0.163072176806454	-0.97472745695283
6.15123841572882	0.968560032798611	0.156950388926103	-0.97388565200874
6.15752160103599	0.969526963352695	0.150834125691186	-0.9729689218324
6.16380478634317	0.970455482879564	0.144723857591698	-0.971977357278876
6.17008797165035	0.971345630524279	0.138620054508947	-0.970911061241453
6.17637115695753	0.972197448382143	0.132523185639967	-0.96977014863682
6.18265434226471	0.973010981494161	0.126433719422021	-0.968554746386705
6.18893752757189	0.973786277842035	0.120352123457238	-0.967264993395996
6.19522071287907	0.974523388342675	0.114278864437404	-0.96590104052736
6.20150389818625	0.975222366842247	0.108214408068918	-0.96446305057238
6.20778708349343	0.975883270109744	0.102159218997929	-0.962951198219233
6.21407026880061	0.976506157830091	0.0961137607357163	-0.961365670016943
6.22035345410779	0.97709109259678	0.0900784955842679	-0.959706664336211
6.22663663941497	0.977638139904038	0.0840538845621502	-0.957974391326876
6.23291982472215	0.978147368138533	0.0780403873306293	-0.956169072872011
6.23920301002933	0.978618848570612	0.0720384621201059	-0.954290942538702
6.24548619533651	0.979052655345082	0.0660485656568681	-0.952340245525519
6.25176938064369	0.97944886547153	0.0600711530901785	-0.950317238606739
6.25805256595087	0.979807558814185	0.0541066779197266	-0.948222190073315
6.26433575125805	0.980128818081327	0.0481555919234604	-0.946055379670663
6.27061893656523	0.980412728814245	0.0422183450858239	-0.943817098533276
6.27690212187241	0.980659379375741	0.0362953855264047	-0.941507649116208
