0	-0.000925603971552101	1.0000603963256	-0.0270239690769253
0.00628318530717959	0.00535737219161616	0.999864250873394	-0.0354084199159031
0.0125663706143592	0.0116389505403705	0.999615475358971	-0.0437764647725421
0.0188495559215388	0.0179188007209577	0.999314176128485	-0.0521270653139473
0.0251327412287183	0.0241965930682829	0.998960466037884	-0.060459187804741
0.0314159265358979	0.0304719986467198	0.99855446442282	-0.0687718034902446
0.0376991118430775	0.0367446892907215	0.998096297066149	-0.0770638889805927
0.0439822971502571	0.0430143376452226	0.997586096163015	-0.0853344266355714
0.0502654824574367	0.0492806172058111	0.99702400028351	-0.0935824049499523
0.0565486677646163	0.0555432023586613	0.99641015433292	-0.101806818939095
0.0628318530717959	0.0618017684202067	0.995744709509539	-0.110006670524593
0.0691150383789754	0.0680559916765419	0.995027823260069	-0.118180968919732
0.075398223686155	0.0743055494225352	0.99425965923259	-0.126328731014525
0.0816814089933346	0.0805501200006403	0.993440387227123	-0.134448981760083
0.0879645943005142	0.0867893828393872	0.992570183143772	-0.142540754552093
0.0942477796076938	0.0930230184915413	0.991649228928465	-0.150603091613151
0.100530964914873	0.0992507086719141	0.990677712516293	-0.158635044373716
0.106814150222053	0.10547213629481	0.989655827772465	-0.166635673851433
0.113097335529233	0.111686985511093	0.988583774430885	-0.174604051028577
0.119380520836412	0.117894941744864	0.987461758030354	-0.182539257227383
0.125663706143592	0.124095691729726	0.986289989848441	-0.190440384482989
0.131946891450771	0.130288923544628	0.985068686832996	-0.198306535913763
0.138230076757951	0.136474326649273	0.983798071531362	-0.20613682608875
0.14451326206513	0.142651591919068	0.982478372017282	-0.21393038139198
0.15079644737231	0.148820411679618	0.981109821815526	-0.221686340383407
0.15707963267949	0.154980479740727	0.979692659824261	-0.229403854156191
0.163362817986669	0.161131491429913	0.978227130235195	-0.237082086690097
0.169646003293849	0.167273143625414	0.976713482451506	-0.244720215200739
0.175929188601028	0.173405134788664	0.975151971003591	-0.252317430484421
0.182212373908208	0.179527164996243	0.973542855462669	-0.259872937258315
0.188495559215388	0.185638935971268	0.971886400352256	-0.267385954495732
0.194778744522567	0.191740151114228	0.970182875057549	-0.27485571575622
0.201061929829747	0.197830515533243	0.968432553732758	-0.282281469510238
0.207345115136926	0.203909736073726	0.966635715206411	-0.289662479458167
0.213628300444106	0.209977521347456	0.964792642884676	-0.296998024843386
0.219911485751286	0.216033581761027	0.962903624652735	-0.304287400759186
0.226194671058465	0.222077629543679	0.960968952774243	-0.311529918449253
0.232477856365645	0.228109378774487	0.958988923788934	-0.318724905601494
0.238761041672824	0.234128545408899	0.956963838408387	-0.325871706634946
0.245044226980004	0.240134847304621	0.954894001410021	-0.332969682979538
0.251327412287183	0.246128004246822	0.952779721529355	-0.340018213348458
0.257610597594363	0.252107737972663	0.950621311350572	-0.347016694002899
0.263893782901543	0.258073772195131	0.948419087195459	-0.353964539008937
0.270176968208722	0.264025832626166	0.946173369010742	-0.360861180486327
0.276460153515902	0.269963646999085	0.943884480253896	-0.367706068848974
0.282743338823081	0.275886945090273	0.941552747777465	-0.374498673036869
0.289026524130261	0.281795458740151	0.939178501711954	-0.381238480739262
0.295309709437441	0.2876889218734	0.936762075347344	-0.387924998608856
0.30159289474462	0.293567070518434	0.934303805013295	-0.394557752466823
0.3078760800518	0.299429642826123	0.931804029958086	-0.401136287498413
0.314159265358979	0.305276379087746	0.92926309222636	-0.407660168438979
0.320442450666159	0.311107021752174	0.926681336535721	-0.414128979750199
0.326725635973339	0.316921315442274	0.924059110152272	-0.420542325786315
0.333008821280518	0.322719006970528	0.921396762765125	-0.426899830950194
0.339292006587698	0.328499845353863	0.918694646359967	-0.433201139839046
0.345575191894877	0.334263581827677	0.915953115091752	-0.439445917379591
0.351858377202057	0.340009969859068	0.91317252515656	-0.445633848952541
0.358141562509236	0.345738765159259	0.91035323466273	-0.451764640506206
0.364424747816416	0.351449725695199	0.907495603501292	-0.457838018659081
0.370707933123596	0.35714261170036	0.904599993215803	-0.463853730791255
0.376991118430775	0.362817185684709	0.901666766871642	-0.469811545124501
0.383274303737955	0.368473212443858	0.898696288924835	-0.475711250790905
0.389557489045134	0.374110459067387	0.895688925090484	-0.481552657889911
0.395840674352314	0.379728694946343	0.892645042210882	-0.487335597533649
0.402123859659494	0.385327691779906	0.889565008123368	-0.493059921880432
0.408407044966673	0.390907223581227	0.886449191528022	-0.49872550415632
0.414690230273853	0.396467066682429	0.883297961855254	-0.50433223866464
0.420973415581032	0.402006999738785	0.880111689133372	-0.509880040783374
0.427256600888212	0.407526803732055	0.876890743856206	-0.515368846950332
0.433539786195391	0.413026261972998	0.87363549685087	-0.520798614636024
0.439822971502571	0.418505160103047	0.870346319145719	-0.526169322304175
0.446106156809751	0.423963286095164	0.867023581838605	-0.531480969359809
0.45238934211693	0.429400430253863	0.863667655965496	-0.536733576084861
0.45867252742411	0.434816385214406	0.860278912369536	-0.541927183561274
0.464955712731289	0.440210945941185	0.856857721570628	-0.547061853581531
0.471238898038469	0.445583909725282	0.853404453635622	-0.552137668546624
0.477522083345649	0.450935076181215	0.849919478049181	-0.557154731351418
0.483805268652828	0.456264247242878	0.846403163585407	-0.56211316525742
0.490088453960008	0.461571227158675	0.842855878180305	-0.567013113752948
0.496371639267187	0.466855822485854	0.839277988805168	-0.571854740400714
0.502654824574367	0.472117842084054	0.835669861340958	-0.576638228672844
0.508938009881546	0.477357097108058	0.832031860453762	-0.581363781773362
0.515221195188726	0.482573400999774	0.828364349471401	-0.586031622448184
0.521504380495906	0.487766569479443	0.824667690261278	-0.590641992782665
0.527787565803085	0.492936420536079	0.820942243109532	-0.59519515398677
0.534070751110265	0.498082774417163	0.81718836660158	-0.599691386167926
0.540353936417444	0.503205453617579	0.813406417504126	-0.604130988091644
0.546637121724624	0.508304282867824	0.809596750648718	-0.608514276930002
0.552920307031804	0.51337908912149	0.80575971881691	-0.612841587998075
0.559203492338983	0.518429701542019	0.801895672627133	-0.61711327447844
0.565486677646163	0.523455951488771	0.79800496042332	-0.621329707133864
0.571769862953342	0.528457672502378	0.794087928165386	-0.625491274008302
0.578053048260522	0.533434700289433	0.790144919321609	-0.629598380116357
0.584336233567701	0.538386872706499	0.786176274763015	-0.633651447121334
0.590619418874881	0.543314029743463	0.782182332659805	-0.637650913002065
0.596902604182061	0.548216013506248	0.778163428379918	-0.641597231708658
0.60318578948924	0.55309266819889	0.774119894389796	-0.645490872807359
0.60946897479642	0.557943840105006	0.7700520601574	-0.64933232111471
0.615752160103599	0.562769377568651	0.765960252057575	-0.653122076321208
0.622035345410779	0.567569130974594	0.761844793279797	-0.656860652604654
0.628318530717959	0.572342952728022	0.757706003738393	-0.66054857823344
0.634601716025138	0.577090697233684	0.753544199985275	-0.664186395159972
0.640884901332318	0.581812220874497	0.749359695125264	-0.667774658604475
0.647168086639497	0.58650738198963	0.745152798734063	-0.671313936629431
0.653451271946677	0.591176040852077	0.740923816778919	-0.674804809704893
0.659734457253857	0.595818059645743	0.736673051542061	-0.678247870264953
0.666017642561036	0.60043330244206	0.732400801546938	-0.681643722255611
0.672300827868216	0.605021635176141	0.728107361487333	-0.684992980674357
0.678584013175395	0.609582925622505	0.723793022159391	-0.688296271101723
0.684867198482575	0.614117043370381	0.719458070396615	-0.691554229225135
0.691150383789755	0.618623859798616	0.715102789007878	-0.694767500355338
0.697433569096934	0.623103248050197	0.710727456718497	-0.697936738935725
0.703716754404114	0.627555083006418	0.70633234811441	-0.7010626080449
0.709999939711293	0.631979241260704	0.701917733589497	-0.704145778892777
0.716283125018473	0.636375601092117	0.697483879296092	-0.707186930310573
0.722566310325652	0.640744042438553	0.693031047098709	-0.710186748235033
0.728849495632832	0.64508444686967	0.68855949453104	-0.713145925187226
0.735132680940012	0.649396697559546	0.684069474756225	-0.716065159746292
0.741415866247191	0.653680679259102	0.679561236530462	-0.718945156018468
0.747699051554371	0.657936278268312	0.675035024169954	-0.721786623101806
0.75398223686155	0.662163382408202	0.670491077521239	-0.724590274546909
0.76026542216873	0.666361880992691	0.665929631934914	-0.727356827814114
0.76654860747591	0.670531664800261	0.66135091824279	-0.730087003727464
0.772831792783089	0.674672626045507	0.656755162738472	-0.732781525925897
0.779114978090269	0.678784658350567	0.652142587161408	-0.735441120312019
0.785398163397448	0.682867656716471	0.647513408684402	-0.738066514498876
0.791681348704628	0.686921517494413	0.642867839904609	-0.740658437255128
0.797964534011807	0.690946138356983	0.63820608883802	-0.743217617949027
0.804247719318987	0.694941418269378	0.633528358917445	-0.745744785991612
0.810530904626167	0.698907257460605	0.628834848993991	-0.748240670279546
0.816814089933346	0.702843557394707	0.624125753342051	-0.750705998637985
0.823097275240526	0.706750220742032	0.619401261667777	-0.753141497263938
0.829380460547705	0.710627151350566	0.614661559121064	-0.755547890170499
0.835663645854885	0.714474254217352	0.609906826311009	-0.757925898632406
0.841946831162065	0.718291435460018	0.60513723932486	-0.76027624063333
0.848230016469244	0.72207860228843	0.600352969750418	-0.762599630315337
0.854513201776424	0.725835662976506	0.595554184701902	-0.764896777430931
0.860796387083603	0.729562526834192	0.590741046849244	-0.767168386798127
0.867079572390783	0.733259104179646	0.585913714450794	-0.769415157758956
0.873362757697962	0.736925306311624	0.581072341389415	-0.771637783641846
0.879645943005142	0.740561045482113	0.576217077211955	-0.773836951228299
0.885929128312322	0.744166234869222	0.571348067172033	-0.776013340224282
0.892212313619501	0.747740788550344	0.566465452276154	-0.778167622736769
0.898495498926681	0.751284621475632	0.561569369333078	-0.780300462755826
0.90477868423386	0.754797649441779	0.556659951006438	-0.782412515642699
0.91106186954104	0.758279789066154	0.55173732587054	-0.784504427624275
0.91734505484822	0.761730957761288	0.546801618469333	-0.786576835294359
0.923628240155399	0.765151073709745	0.541852949378481	-0.788630365122165
0.929911425462579	0.768540055839389	0.536891435270501	-0.790665632968416
0.936194610769758	0.771897823799077	0.53191718898292	-0.792683243609474
0.942477796076938	0.775224297934783	0.526930319589392	-0.794683790269872
0.948760981384117	0.778519399266176	0.521930932473721	-0.796667854163649
0.955044166691297	0.781783049463684	0.516919129406754	-0.798636004044879
0.961327351998477	0.785015170826035	0.511895008626043	-0.800588795767751
0.967610537305656	0.788215686258316	0.506858664918264	-0.802526771856596
0.973893722612836	0.791384519250559	0.501810189704288	-0.804450461086213
0.980176907920015	0.794521593856863	0.496749671126865	-0.806360378072844
0.986460093227195	0.797626834675084	0.491677194140842	-0.808257022876175
0.992743278534375	0.800700166827089	0.486592840605845	-0.810140880612675
0.999026463841554	0.803741515939611	0.481496689381352	-0.812012421080631
1.00530964914873	0.806750808125698	0.476388816424089	-0.813872098397186
1.01159283445591	0.809727969966793	0.471269294887666	-0.815720350647719
1.01787601976309	0.812672928495433	0.466138195224373	-0.817557599547852
1.02415920507027	0.815585611178608	0.460995585289064	-0.819384250118395
1.03044239037745	0.818465945901765	0.455841530445043	-0.82120069037352
1.03672557568463	0.821313860953499	0.450676093671858	-0.823007291022431
1.04300876099181	0.824129285010913	0.445499335674939	-0.824804405184801
1.04929194629899	0.82691214712568	0.44031131499697	-0.826592368120244
1.05557513160617	0.82966237671081	0.435112088130919	-0.828371496972047
1.06185831691335	0.832379903528128	0.429901709634637	-0.830142090525416
1.06814150222053	0.83506465767648	0.424680232246923	-0.831904428980441
1.07442468752771	0.837716569580674	0.419447707004972	-0.833658773740002
1.08070787283489	0.840335569981155	0.414204183363112	-0.835405367212806
1.08699105814207	0.842921589924444	0.40894970931272	-0.837144432631751
1.09327424344925	0.845474560754319	0.403684331503244	-0.838876173887771
1.09955742875643	0.847994414103768	0.398408095364208	-0.840600775379339
1.10584061406361	0.850481081887712	0.393121045228122	-0.842318401877767
1.11212379937079	0.852934496296497	0.387823224454182	-0.844029198408433
1.11840698467797	0.855354589790172	0.382514675552671	-0.845733290148057
1.12469016998515	0.857741295093544	0.377195440309948	-0.847430782338136
1.13097335529233	0.860094545192029	0.371865559913939	-0.849121760214615
1.13725654059951	0.86241427332828	0.366525075080012	-0.850806288953887
1.14353972590668	0.864700412999621	0.361174026177141	-0.852484413635174
1.14982291121386	0.866952897956263	0.355812453354253	-0.854156159219343
1.15610609652104	0.869171662200318	0.350440396666666	-0.85582153054419
1.16238928182822	0.871356639985613	0.345057896202491	-0.857480512336202
1.1686724671354	0.873507765818288	0.339664992208916	-0.859133069238819
1.17495565244258	0.875624974458195	0.334261725218264	-0.860779145857167
1.18123883774976	0.87770820092108	0.328848136173709	-0.862418666819253
1.18752202305694	0.879757380481564	0.32342426655456	-0.86405153685357
1.19380520836412	0.8817724486769	0.317990158501012	-0.865677640883056
1.2000883936713	0.883753341311518	0.312545854938247	-0.867296844135356
1.20637157897848	0.885699994462344	0.307091399699792	-0.868908992269272
1.21265476428566	0.887612344484892	0.30162683765004	-0.870513911517329
1.21893794959284	0.889490328020124	0.296152214805812	-0.872111408844329
1.22522113490002	0.891333882002072	0.290667578456887	-0.873701272121757
1.2315043202072	0.893142943666211	0.285172977285375	-0.875283270317916
1.23778750551438	0.894917450558575	0.279668461483854	-0.876857153703608
1.24407069082156	0.896657340545621	0.274154082872158	-0.878422654073208
1.25035387612874	0.898362551824816	0.268629895012743	-0.879979484980924
1.25663706143592	0.900033022935939	0.263095953324502	-0.881527341992064
1.2629202467431	0.901668692773105	0.257552315194972	-0.883065902949072
1.26920343205028	0.90326950059748	0.25199904009081	-0.884594828252113
1.27548661735746	0.904835386050685	0.246436189666471	-0.886113761153962
1.28176980266464	0.906366289168883	0.240863827870984	-0.887622328068945
1.28805298797182	0.907862150397521	0.235282021052745	-0.889120138895649
1.29433617327899	0.909322910606736	0.229690838062238	-0.890606787353123
1.30061935858617	0.910748511107387	0.224090350352601	-0.892081851330278
1.30690254389335	0.912138893667723	0.218480632077966	-0.893544893248172
1.31318572920053	0.913494000530652	0.212861760189466	-0.894995460434852
1.31946891450771	0.914813774431617	0.207233814528863	-0.896433085512431
1.32575209981489	0.916098158617037	0.201596877919701	-0.897857286796043
1.33203528512207	0.91734709686333	0.195951036255912	-0.89926756870433
1.33831847042925	0.918560533496473	0.190296378587814	-0.900663422181078
1.34460165573643	0.919738413412099	0.184632997205425	-0.902044325127641
1.35088484104361	0.920880682096101	0.17896098771902	-0.903409742845739
1.35716802635079	0.921987285645749	0.173280449136883	-0.904759128490267
1.36345121165797	0.92305817079127	0.167591483940182	-0.906091923531657
1.36973439696515	0.924093284917899	0.161894198154901	-0.907407558227423
1.37601758227233	0.925092576088371	0.156188701420798	-0.908705452102424
1.38230076757951	0.926055993065832	0.1504751070573	-0.909985014437437
1.38858395288669	0.926983485337162	0.144753532126321	-0.911245644765571
1.39486713819387	0.927875003136675	0.139024097491923	-0.912486733376092
1.40115032350105	0.928730497470193	0.133286927876801	-0.913707661825192
1.40743350880823	0.929549920139453	0.127542151915528	-0.914907803453226
1.41371669411541	0.930333223766851	0.121789902204539	-0.916086523907965
1.41999987942259	0.93108036182048	0.116030315348806	-0.917243181673381
1.42628306472977	0.931791288639451	0.110263532005174	-0.918377128603463
1.43256625003695	0.932465959459489	0.104489696922331	-0.919487710460617
1.43884943534413	0.933104330438748	0.0987089589773764	-0.920574267458112
1.4451326206513	0.933706358683866	0.0929214712089796	-0.921636134806114
1.45141580595848	0.934272002276201	0.0871273908470867	-0.922672643260792
1.45769899126566	0.934801220298256	0.0813268793391763	-0.923683119675996
1.46398217657284	0.935293972860245	0.0755201023730389	-0.924666887557008
1.47026536188002	0.935750221126803	0.0697072298960733	-0.925623267615864
1.4765485471872	0.936169927343803	0.0638884361310894	-0.926551578327733
1.48283173249438	0.936553054865253	0.0580638995886129	-0.927451136487849
1.48911491780156	0.936899568180273	0.0522338030756911	-0.928321257768497
1.49539810310874	0.937209432940104	0.0463983337012002	-0.929161257275539
1.50168128841592	0.937482615985149	0.0405576828776577	-0.929970450103982
1.5079644737231	0.937719085372007	0.0347120463195486	-0.93074815189207
1.51424765903028	0.937918810400489	0.028861624038177	-0.931493679373426
1.52053084433746	0.938081761640592	0.0230066203330566	-0.932206350926715
1.52681402964464	0.938207910959408	0.0171472437798525	-0.93288548712236
1.53309721495182	0.938297231547941	0.0112837072149033	-0.933530411265796
1.539380400259	0.93834969794782	0.0054162277163399	-0.934140449936794
1.54566358556618	0.938365286077887	-0.000454973418170954	-0.934714933524363
1.55194677087336	0.938343973260629	-0.00632967069702911	-0.935253196756756
1.55822995618054	0.938285738248437	-0.0122076344636153	-0.9357545792261
1.56451314148772	0.93819056124968	-0.0180886309284855	-0.936218425907208
1.5707963267949	0.93805842395456	-0.0239724222048046	-0.936644087670085
1.57707951210208	0.93788930956074	-0.0298587663469802	-0.937030921785706
1.58336269740926	0.937683202798712	-0.0357474173924501	-0.937378292424598
1.58964588271644	0.937440089956901	-0.0416381254065813	-0.937685571147814
1.59592906802361	0.937159958906471	-0.0475306365306264	-0.937952137389858
1.60221225333079	0.936842799125822	-0.0534246930326904	-0.938177378933149
1.60849543863797	0.93648860172476	-0.0593200333616482	-0.938360692373625
1.61477862394515	0.936097359468316	-0.0652163922039606	-0.938501483577077
1.62106180925233	0.935669066800197	-0.0711135005433282	-0.938599168125838
1.62734499455951	0.935203719865862	-0.0770110857231173	-0.938653171755448
1.63362817986669	0.934701316535188	-0.0829088715115006	-0.938662930780933
1.63991136517387	0.934161856424721	-0.0888065781692418	-0.938627892512346
1.64619455048105	0.933585340919499	-0.0947039225200532	-0.938547515659227
1.65247773578823	0.932971773194414	-0.100600618023465	-0.938421270723667
1.65876092109541	0.932321158235118	-0.106496374850121	-0.938248640381643
1.66504410640259	0.931633502858446	-0.11239089995944	-0.938029119852342
1.67132729170977	0.930908815732337	-0.118283897179551	-0.937762217255179
1.67761047701695	0.93014710739526	-0.12417506728944	-0.937447453954232
1.68389366232413	0.929348390275101	-0.130064108103215	-0.937084364889843
1.69017684763131	0.928512678707527	-0.135950714556416	-0.936672498897131
1.69646003293849	0.927639988953793	-0.141834578794285	-0.936211419011201
1.70274321824567	0.926730339217992	-0.147715390261911	-0.935700702758817
1.70902640355285	0.925783749663735	-0.153592835796164	-0.935139942436351
1.71530958886003	0.924800242430246	-0.159466599719329	-0.934528745373821
1.72159277416721	0.923779841647858	-0.165336363934363	-0.933866734184847
1.72787595947439	0.922722573452915	-0.171201808021668	-0.933153547002371
1.73415914478157	0.921628466002059	-0.177062609337309	-0.932388837700002
1.74044233008875	0.920497549485888	-0.18291844311257	-0.931572276098876
1.74672551539592	0.919329856141996	-0.188768982554768	-0.930703548159909
1.7530087007031	0.918125420267366	-0.194613898949226	-0.929782356161355
1.75929188601028	0.916884278230126	-0.200452861762322	-0.92880841886162
1.76557507131746	0.915606468480651	-0.206285538745502	-0.927781471647234
1.77185825662464	0.914292031562006	-0.212111596040192	-0.926701266665976
1.77814144193182	0.912941010119734	-0.217930698283484	-0.925567572945106
1.784424627239	0.911553448910975	-0.223742508714527	-0.924380176494712
1.79070781254618	0.910129394812908	-0.229546689281526	-0.923138880396152
1.79699099785336	0.908668896830532	-0.235342900749232	-0.921843504875654
1.80327418316054	0.907172006103756	-0.241130802806867	-0.920493887363077
1.80955736846772	0.905638775913822	-0.246910054176358	-0.919089882535912
1.8158405537749	0.90406926168904	-0.25268031272081	-0.917631362348579
1.82212373908208	0.902463521009845	-0.258441235553116	-0.916118216047129
1.82840692438926	0.900821613613164	-0.264192479144605	-0.914550350169419
1.83469010969644	0.899143601396113	-0.26993369943366	-0.912927688530918
1.84097329500362	0.897429548418999	-0.275664551934187	-0.911250172196242
1.8472564803108	0.89567952090765	-0.281384691843875	-0.909517759436596
1.85353966561798	0.893893587255061	-0.287093774152135	-0.907730425673256
1.85982285092516	0.892071818022365	-0.292791453747642	-0.905888163407292
1.86610603623234	0.890214285939131	-0.298477385525396	-0.903990982135719
1.87238922153952	0.888321065902986	-0.304151224493212	-0.902038908254263
1.8786724068467	0.886392234978575	-0.309812625877558	-0.90003198494699
1.88495559215388	0.884427872395858	-0.315461245228658	-0.897970272063001
1.89123877746106	0.882428059547746	-0.32109673852478	-0.895853845980463
1.89752196276823	0.880392879987088	-0.326718762275634	-0.893682799458211
1.90380514807541	0.878322419423004	-0.332326973624793	-0.891457241475212
1.91008833338259	0.876216765716592	-0.337921030451077	-0.889177297058151
1.91637151868977	0.874076008875985	-0.343500591468805	-0.886843107097452
1.92265470399695	0.871900241050795	-0.349065316326869	-0.884454828152021
1.92893788930413	0.86968955652593	-0.354614865706534	-0.882012632243036
1.93522107461131	0.867444051714802	-0.360148901417919	-0.879516706637107
1.94150425991849	0.865163825151941	-0.365667086495075	-0.876967253619128
1.94778744522567	0.862848977485002	-0.371169085289611	-0.874364490255184
1.95407063053285	0.860499611466202	-0.376654563562796	-0.871708648145853
1.96035381584003	0.858115831943178	-0.382123188576079	-0.868999973170256
1.96663700114721	0.855697745849274	-0.387574629179984	-0.866238725221245
1.97292018645439	0.853245462193292	-0.393008555901298	-0.863425177932081
1.97920337176157	0.850759092048681	-0.398424641028531	-0.860559618394991
1.98548655706875	0.848238748542209	-0.403822558695572	-0.857642346872004
1.99176974237593	0.845684546842109	-0.409201984963514	-0.854673676498444
1.99805292768311	0.84309660414572	-0.414562597900587	-0.851653932979481
2.00433611299029	0.840475039666623	-0.419904077660164	-0.848583454280152
2.01061929829747	0.837819974621309	-0.425226106556807	-0.845462590309251
2.01690248360465	0.83513153221536	-0.430528369140299	-0.842291702597502
2.02318566891183	0.832409837629178	-0.435810552267647	-0.839071163970429
2.02946885421901	0.829655018003268	-0.441072345173002	-0.835801358216337
2.03575203952619	0.826867202423091	-0.446313439535491	-0.832482679749828
2.04203522483337	0.824046521903489	-0.451533529544913	-0.829115533271258
2.04831841014055	0.821193109372714	-0.456732311965287	-0.825700333422573
2.05460159544772	0.818307099656055	-0.46190948619623	-0.822237504439931
2.0608847807549	0.815388629459094	-0.467064754332138	-0.818727479803534
2.06716796606208	0.812437837350595	-0.472197821219161	-0.81517070188509
2.07345115136926	0.809454863745039	-0.477308394509958	-0.811567621593321
2.07973433667644	0.806439850884822	-0.482396184716221	-0.807918698017938
2.08601752198362	0.803392942822138	-0.487460905258954	-0.804224398072478
2.0923007072908	0.800314285400543	-0.492502272516505	-0.800485196136447
2.09858389259798	0.797204026236227	-0.497520005870357	-0.796701573697136
2.10486707790516	0.794062314699011	-0.502513827748657	-0.792874018991543
2.11115026321234	0.79088930189307	-0.507483463667505	-0.789003026648784
2.11743344851952	0.787685140637411	-0.512428642269995	-0.785089097333389
2.1237166338267	0.784449985446102	-0.517349095363018	-0.781132737389868
2.12999981913388	0.781183992508291	-0.522244557951838	-0.77713445848894
2.13628300444106	0.777887319668002	-0.527114768272456	-0.773094777275778
2.14256618974824	0.774560126403742	-0.531959467821758	-0.769014215020657
2.14884937505542	0.771202573807922	-0.536778401385494	-0.764893297272363
2.1551325603626	0.767814824566112	-0.541571317064072	-0.7607325535147
2.16141574566978	0.764397042936139	-0.546337966296219	-0.756532516826459
2.16769893097696	0.76094939472704	-0.551078103880505	-0.752293723545177
2.17398211628414	0.757472047277892	-0.555791487994776	-0.748016712934999
2.18026530159132	0.753965169436523	-0.560477880213511	-0.743702026858992
2.1865484868985	0.750428931538123	-0.56513704552313	-0.739350209456185
2.19283167220568	0.746863505383758	-0.5697687523353	-0.734961806823651
2.19911485751286	0.743269064218819	-0.574372772498245	-0.730537366703912
2.20539804282003	0.739645782711395	-0.578948881306123	-0.726077438177951
2.21168122812721	0.735993836930595	-0.583496857506483	-0.721582571364077
2.21796441343439	0.732313404324837	-0.588016483305855	-0.717053317122923
2.22424759874157	0.728604663700098	-0.592507544373504	-0.712490226768794
2.23053078404875	0.724867795198149	-0.596969829843388	-0.707893851787616
2.23681396935593	0.721102980274787	-0.601403132314372	-0.703264743561686
2.24309715466311	0.717310401678068	-0.605807247848727	-0.698603453101447
2.24938033997029	0.713490243426553	-0.610181975968972	-0.693910530784463
2.25566352527747	0.70964269078758	-0.614527119653096	-0.689186526101795
2.26194671058465	0.705767930255574	-0.618842485328211	-0.684431987411926
2.26822989589183	0.701866149530401	-0.623127882862681	-0.679647461702407
2.27451308119901	0.697937537495769	-0.627383125556786	-0.674833494359357
2.28079626650619	0.693982284197705	-0.631608030131948	-0.669990628944951
2.28707945181337	0.690000580823089	-0.635802416718598	-0.665119406983008
2.29336263712055	0.685992619678282	-0.639966108842719	-0.660220367752781
2.29964582242773	0.681958594167835	-0.64409893341111	-0.655294048091058
2.30592900773491	0.677898698773294	-0.648200720695445	-0.650340982202614
2.31221219304209	0.673813129032115	-0.652271304315161	-0.645361701479116
2.31849537834927	0.669702081516684	-0.656310521219234	-0.640356734326502
2.32477856365645	0.665565753813457	-0.660318211666902	-0.635326606000896
2.33106174896363	0.661404344502221	-0.664294219207378	-0.630271838453056
2.33734493427081	0.657218053135497	-0.668238390658621	-0.625192950181399
2.34362811957799	0.653007080218061	-0.672150576085196	-0.620090456093565
2.34991130488517	0.648771627186624	-0.67603062877531	-0.614964867376541
2.35619449019234	0.64451189638965	-0.679878405217039	-0.609816691375293
2.36247767549952	0.640228091067324	-0.683693765073838	-0.604646431479876
2.3687608608067	0.635920415331683	-0.687476571159351	-0.599454587020978
2.37504404611388	0.631589074146901	-0.691226689411606	-0.594241653173818
2.38132723142106	0.627234273309743	-0.694943988866619	-0.589008120870341
2.38761041672824	0.622856219430181	-0.698628341631482	-0.583754476719611
2.39389360203542	0.618455119912187	-0.702279622856973	-0.578481202936305
2.4001767873426	0.614031182934694	-0.70589771070974	-0.573188777277212
2.40645997264978	0.609584617432734	-0.709482486344112	-0.567877672985596
2.41274315795696	0.60511563307876	-0.713033833873587	-0.562548358743314
2.41902634326414	0.600624440264138	-0.71655164034204	-0.557201298630533
2.42530952857132	0.596111250080828	-0.720035795694703	-0.551836952092909
2.4315927138785	0.591576274303247	-0.723486192748962	-0.546455773916053
2.43787589918568	0.587019725370313	-0.726902727165015	-0.541058214207132
2.44415908449286	0.582441816367677	-0.730285297416439	-0.535644718383414
2.45044226980004	0.577842761010139	-0.7336338047607	-0.530215727167585
2.45672545510722	0.573222773624245	-0.736948153209661	-0.524771676589621
2.4630086404144	0.568582069131079	-0.740228249500123	-0.51931299799505
2.46929182572158	0.563920863029232	-0.743474003064426	-0.51384011805935
2.47557501102876	0.559239371377953	-0.746685326001175	-0.508353458808313
2.48185819633594	0.554537810780494	-0.749862133046098	-0.502853437644111
2.48814138164312	0.549816398367631	-0.753004341543096	-0.497340467376877
2.4944245669503	0.545075351781362	-0.756111871415499	-0.491814956261529
2.50070775225748	0.540314889158794	-0.759184645137578	-0.486277308039622
2.50699093756465	0.535535229116203	-0.762222587706329	-0.480727921985991
2.51327412287183	0.53073659073327	-0.765225626613563	-0.475167192959902
2.51955730817901	0.525919193537494	-0.768193691818341	-0.469595511460506
2.52584049348619	0.521083257488771	-0.771126715719757	-0.464013263686302
2.53212367879337	0.516229002964155	-0.774024633130116	-0.458420831598379
2.53840686410055	0.511356650742772	-0.776887381248517	-0.45281859298716
2.54469004940773	0.506466421990909	-0.779714899634866	-0.447206921542398
2.55097323471491	0.501558538247257	-0.782507130184339	-0.441586186926147
2.55725642002209	0.496633221408321	-0.785264017102312	-0.435956754848459
2.56353960532927	0.491690693713984	-0.787985506879771	-0.430318987145536
2.56982279063645	0.486731177733213	-0.790671548269228	-0.424673241860059
2.57610597594363	0.481754896349934	-0.793322092261139	-0.419019873323457
2.58238916125081	0.476762072749036	-0.795937092060852	-0.413359232239825
2.58867234655799	0.471752930402531	-0.798516503066081	-0.40769166577124
2.59495553186517	0.466727693055841	-0.801060282844919	-0.402017517624216
2.60123871717235	0.461686584714241	-0.803568391114408	-0.396337128137038
2.60752190247953	0.456629829629407	-0.806040789719643	-0.390650834367704
2.61380508778671	0.451557652286121	-0.808477442613446	-0.384958970182249
2.62008827309389	0.446470277389088	-0.810878315836581	-0.379261866343174
2.62637145840107	0.441367929849873	-0.813243377498539	-0.373559850597745
2.63265464370825	0.436250834773966	-0.815572597758864	-0.367853247765922
2.63893782901543	0.431119217447959	-0.817865948809036	-0.362142379827671
2.64522101432261	0.425973303326829	-0.820123404854899	-0.356427566009435
2.65150419962979	0.420813318021341	-0.822344942099631	-0.350709122869525
2.65778738493696	0.41563948728555	-0.824530538727242	-0.344987364382223
2.66407057024414	0.410452037004402	-0.826680174886598	-0.339262602020363
2.67035375555132	0.405251193181439	-0.828793832675962	-0.333535144836192
2.6766369408585	0.400037181926599	-0.830871496128032	-0.327805299540307
2.68292012616568	0.394810229444104	-0.83291315119547	-0.322073370578455
2.68920331147286	0.389570562020448	-0.834918785736907	-0.316339660206032
2.69548649678004	0.384318406012453	-0.83688838950341	-0.310604468560074
2.70176968208722	0.379053987835432	-0.838821954125389	-0.304868093728579
2.7080528673944	0.37377753395141	-0.840719473099934	-0.299130831816985
2.71433605270158	0.368489270857441	-0.842580941778559	-0.293392977011654
2.72061923800876	0.363189425073992	-0.844406357355335	-0.287654821640199
2.72690242331594	0.357878223133402	-0.846195718855391	-0.281916656228525
2.73318560862312	0.35255589156841	-0.847949027123768	-0.276178769554436
2.7394687939303	0.347222656900758	-0.84966628481459	-0.270441448697701
2.74575197923748	0.341878745629856	-0.851347496380545	-0.264704979086442
2.75203516454466	0.336524384221514	-0.85299266806264	-0.258969644539758
2.75831834985184	0.331159799096734	-0.854601807880221	-0.253235727306475
2.76460153515902	0.325785216620572	-0.856174925621214	-0.247503508099931
2.7708847204662	0.320400863091055	-0.857712032832574	-0.241773266128741
2.77716790577338	0.315006964728153	-0.859213142810923	-0.236045279123438
2.78345109108056	0.309603747662821	-0.860678270593328	-0.230319823358958
2.78973427638774	0.304191437926087	-0.862107432948221	-0.224597173672911
2.79601746169492	0.298770261438208	-0.863500648366412	-0.218877603479592
2.8023006470021	0.293340443997867	-0.864857937052178	-0.213161384779709
2.80858383230927	0.287902211271445	-0.866179320914402	-0.207448788165808
2.81486701761645	0.28245578878233	-0.867464823557728	-0.201740082823375
2.82115020292363	0.277001401900294	-0.868714470273718	-0.19603553652762
2.82743338823081	0.271539275830924	-0.869928288031963	-0.190335415635955
2.83371657353799	0.266069635605099	-0.871106305471146	-0.184639985076167
2.83999975884517	0.260592706068539	-0.872248552890006	-0.178949508330336
2.84628294415235	0.255108711871399	-0.873355062238195	-0.17326424741451
2.85256612945953	0.249617877457928	-0.874425867106993	-0.167584462854202
2.85884931476671	0.244120427056178	-0.875461002719852	-0.161910413655742
2.86513250007389	0.238616584667789	-0.876460505922751	-0.156242357273575
2.87141568538107	0.233106574057814	-0.877424415174335	-0.150580549573539
2.87769887068825	0.227590618744625	-0.878352770535804	-0.144925244792243
2.88398205599543	0.222068941989877	-0.879245613660539	-0.139276695492595
2.89026524130261	0.21654176678853	-0.880102987783439	-0.13363515251561
2.89654842660979	0.211009315858957	-0.880924937709938	-0.128000864928574
2.90283161191697	0.205471811633102	-0.881711509804689	-0.122374079969691
2.90911479722415	0.199929476246723	-0.882462751979892	-0.116755042989332
2.91539798253133	0.194382531529709	-0.883178713683235	-0.111143997388001
2.92168116783851	0.188831198996467	-0.883859445885439	-0.105541184551165
2.92796435314569	0.183275699836394	-0.884505001067388	-0.0999468437810725
2.93424753845287	0.177716254904431	-0.885115433206819	-0.0943612122257218
2.94053072376005	0.172153084711702	-0.88569079776455	-0.088784524805119
2.94681390906723	0.166586409416235	-0.886231151670248	-0.0832170141349871
2.95309709437441	0.161016448813783	-0.886736553307702	-0.0776589104480896
2.95938027968159	0.155443422328737	-0.887207062499601	-0.0721104415133396
2.96566346498876	0.149867549005128	-0.887642740491789	-0.0665718325528579
2.97194665029594	0.144289047497743	-0.888043649937002	-0.0610433061571654
2.97822983560312	0.138708136063331	-0.888409854878056	-0.0555250821986971
2.9845130209103	0.133125032551929	-0.888741420730502	-0.0500173777437989
2.99079620621748	0.127539954398287	-0.889038414264707	-0.0445204069634283
2.99707939152466	0.121953118613419	-0.889300903587382	-0.0390343810427228
3.00336257683184	0.116364741776264	-0.889528958122534	-0.0335595080896471
3.00964576213902	0.110775040025467	-0.889722648591843	-0.0280959930429086
3.0159289474462	0.105184229051294	-0.889882046994458	-0.0226440375793465
3.02221213275338	0.0995925240876668	-0.89000722658621	-0.0172038400209832
3.02849531806056	0.0940001399043344	-0.890098261858242	-0.0117755952419551
3.03477850336774	0.0884072907991831	-0.890155228515049	-0.00635949457551743
3.04106168867492	0.0828141905906782	-0.890178203451945	-0.000955725721318745
3.0473448739821	0.0772210526104582	-0.890167264731936	0.00443552734682792
3.05362805928928	0.0716280896960705	-0.890122491562027	0.00981408447249935
3.05991124459646	0.0660355141838601	-0.890043964268947	0.0151797694073215
3.06619442990364	0.0604435379020092	-0.889931764274314	0.0205324099005389
3.07247761521082	0.0548523721637434	-0.88978597406924	0.025871837787289
3.078760800518	0.0492622277606856	-0.889606677188384	0.0311978890753863
3.08504398582518	0.0436733149563872	-0.889393958183466	0.0365104040304105
3.09132717113236	0.038085843480022	-0.889147902596252	0.0418092272589101
3.09761035643954	0.0325000225202485	-0.888868596931023	0.0470942077895263
3.10389354174672	0.0269160607192538	-0.888556128626544	0.0523651991518413
3.1101767270539	0.021334166166969	-0.888210586027537	0.0576220594527696
3.11645991236107	0.0157545463954691	-0.887832058355692	0.0628646514503059
3.12274309766825	0.0101774083735534	-0.887420635680219	0.0680928426244497
3.12902628297543	0.00460295850151768	-0.886976408887959	0.073306505245124
3.13530946828261	-0.00096859739389335	-0.886499469653089	0.0785055164369308
3.14159265358979	-0.0065370540643323	-0.885989910406422	0.0836897582405565
3.14787583889697	-0.0121022068445084	-0.885447824304334	0.0888591176706809
3.15415902420415	-0.0176638516566459	-0.884873305197337	0.0940134867702235
3.16044220951133	-0.0232217850147478	-0.884266447598331	0.0991527626607751
3.16672539481851	-0.0287758040286558	-0.883627346650542	0.104276847589073
3.17300858012569	-0.0343257064079097	-0.882956098095182	0.109385648969374
3.17929176543287	-0.0398712904654036	-0.882252798238863	0.114479079421593
3.18557495074005	-0.0454123551208317	-0.881517543920779	0.119557056805074
3.19185813604723	-0.0509486999039363	-0.88075043247969	0.124619504247883
3.19814132135441	-0.0564801249575386	-0.879951561720738	0.129666350171496
3.20442450666159	-0.0620064310403654	-0.879121029882126	0.134697528310771
3.21070769196877	-0.067527419529665	-0.878258935601676	0.139712977729121
3.21699087727595	-0.0730428924236152	-0.877365377883319	0.144712642828772
3.22327406258313	-0.0785526523435134	-0.87644045606353	0.149696473356032
3.22955724789031	-0.0840565025357642	-0.875484269777746	0.154664424401485
3.23584043319749	-0.0895542468736534	-0.874496918926801	0.159616456395044
3.24212361850467	-0.0950456898589048	-0.873478503643405	0.164552535095791
3.24840680381185	-0.100530636623038	-0.872429124258708	0.169472631576554
3.25468998911903	-0.106008892928508	-0.871348881268974	0.174376722203164
3.26097317442621	-0.111480265169637	-0.870237875302402	0.179264788608362
3.26725635973338	-0.11694456037334	-0.869096207086133	0.184136817660312
3.27353954504056	-0.122401586199648	-0.867923977413463	0.1889928014257
3.27982273034774	-0.127851150942013	-0.866721287111314	0.193832737127399
3.28610591565492	-0.133293063527426	-0.865488237007981	0.198656627096698
3.2923891009621	-0.13872713351632	-0.864224927901201	0.203464478720084
3.29867228626928	-0.144153171102279	-0.86293146052657	0.208256304380586
3.30495547157646	-0.149570987111552	-0.86160793552635	0.213032121393702
3.31123865688364	-0.154980393002367	-0.86025445341869	0.217791951937928
3.31752184219082	-0.160381200864059	-0.858871114567305	0.222535822979911
3.323805027498	-0.165773223416	-0.85745801915164	0.227263766194284
3.33008821280518	-0.171156274006355	-0.856015267137552	0.231975817878207
3.33637139811236	-0.176530166610645	-0.854542958248554	0.236672018860684
3.34265458341954	-0.181894715830138	-0.853041191937632	0.241352414406714
3.34893776872672	-0.18724973689006	-0.851510067359691	0.246017054116335
3.3552209540339	-0.19259504563764	-0.849949683344648	0.250665991818652
3.36150413934108	-0.197930458539984	-0.848360138371204	0.255299285460924
3.36778732464826	-0.203255792681786	-0.846741530541332	0.259916996992805
3.37407050995544	-0.208570865762885	-0.845093957555502	0.26451919224583
3.38035369526262	-0.213875496095667	-0.843417516688686	0.26910594080826
3.3866368805698	-0.219169502602315	-0.841712304767155	0.273677315895389
3.39292006587698	-0.224452704811921	-0.83997841814611	0.278233394215438
3.39920325118416	-0.229724922857461	-0.838215952688168	0.282774255831155
3.40548643649134	-0.23498597747263	-0.836425003742731	0.287299984017252
3.41176962179852	-0.240235689988554	-0.834605666126262	0.291810665113817
3.4180528071057	-0.24547388233039	-0.832758034103496	0.296306388375847
3.42433599241287	-0.250700377013794	-0.830882201369608	0.300787245819034
3.43061917772005	-0.255914997141293	-0.828978261033362	0.305253332061979
3.43690236302723	-0.261117566398549	-0.827046305601256	0.309704744164974
3.44318554833441	-0.266307909050532	-0.825086426962701	0.314141581465525
3.44946873364159	-0.27148584993759	-0.823098716376239	0.318563945410773
3.45575191894877	-0.276651214471453	-0.821083264456813	0.322971939387004
3.46203510425595	-0.281803828631148	-0.819040161164137	0.327365668546398
3.46831828956313	-0.286943518958849	-0.816969495792143	0.331745239631218
3.47460147487031	-0.292070112555664	-0.814871356959552	0.336110760795611
3.48088466017749	-0.297183437077367	-0.812745832601572	0.340462341425218
3.48716784548467	-0.302283320730075	-0.810593009962725	0.344800091954763
3.49345103079185	-0.307369592265895	-0.808412975590839	0.349124123683843
3.49973421609903	-0.312442080978531	-0.806205815332195	0.353434548591085
3.50601740140621	-0.317500616698855	-0.803971614327849	0.35773147914689
3.51230058671339	-0.32254502979048	-0.801710457011132	0.362015028124943
3.51858377202057	-0.327575151145297	-0.799422427106338	0.366285308412717
3.52486695732775	-0.332590812179028	-0.797107607628613	0.370542432821146
3.53115014263493	-0.337591844826766	-0.794766080885028	0.374786513893683
3.53743332794211	-0.342578081538539	-0.792397928476865	0.379017663714964
3.54371651324929	-0.347549355274879	-0.790003231303101	0.383235993719242
3.54999969855647	-0.352505499502429	-0.787582069565093	0.38744161449885
3.55628288386365	-0.357446348189576	-0.785134522772475	0.391634635612854
3.56256606917083	-0.362371735802125	-0.782660669750246	0.395815165396122
3.56884925447801	-0.367281497299023	-0.78016058864706	0.399983310769023
3.57513243978518	-0.372175468128139	-0.777634356944712	0.404139177047936
3.58141562509236	-0.37705348422211	-0.775082051468809	0.4082828677568
3.58769881039954	-0.381915381994248	-0.772503748400617	0.412414484439881
3.59398199570672	-0.386760998334539	-0.769899523290086	0.416534126475988
3.6002651810139	-0.391590170605712	-0.767269451070039	0.420641890894303
3.60654836632108	-0.39640273663942	-0.764613606071504	0.424737872192051
3.61283155162826	-0.4011985347325	-0.761932062040193	0.428822162154192
3.61911473693544	-0.405977403643354	-0.759224892154105	0.432894849675325
3.62539792224262	-0.410739182588441	-0.756492169042236	0.436956020584007
3.6316811075498	-0.415483711238889	-0.753733964804395	0.44100575746966
3.63796429285698	-0.420210829717233	-0.750950351032084	0.445044139512258
3.64424747816416	-0.424920378594291	-0.748141398830459	0.449071242314973
3.65053066347134	-0.429612198886182	-0.745307178841308	0.453087137739961
3.65681384877852	-0.434286132051484	-0.742447761267077	0.457091893747447
3.6630970340857	-0.438942019988557	-0.739563215895872	0.461085574238306
3.66938021939288	-0.44357970503302	-0.736653612127457	0.465068238900264
3.67566340470006	-0.44819902995539	-0.733719019000196	0.469039943057932
3.68194659000724	-0.452799837958906	-0.730759505218928	0.473000737526774
3.68822977531442	-0.457381972677517	-0.727775139183747	0.476950668471211
3.6945129606216	-0.461945278174065	-0.724765989019663	0.480889777266966
3.70079614592878	-0.466489598938646	-0.721732122607108	0.484818100367822
3.70707933123596	-0.471014779887179	-0.718673607613266	0.488735669176913
3.71336251654314	-0.475520666360158	-0.715590511524207	0.492642509922682
3.71964570185032	-0.480007104121625	-0.712482901677771	0.49653864353964
3.72592888715749	-0.484473939358339	-0.709350845297192	0.500424085554033
3.73221207246467	-0.488921018679164	-0.706194409525432	0.50429884597454
3.73849525777185	-0.493348189114676	-0.703013661460173	0.508162929188113
3.74477844307903	-0.497755298116989	-0.699808668189453	0.512016333861053
3.75106162838621	-0.502142193559806	-0.696579496827911	0.515859052845426
3.75734481369339	-0.506508723738707	-0.693326214553594	0.519691073090902
3.76362799900057	-0.510854737371659	-0.690048888645307	0.523512375562121
3.76991118430775	-0.515180083599768	-0.686747586520466	0.527322935161626
3.77619436961493	-0.519484611988275	-0.68342237577341	0.53112272065849
3.78247755492211	-0.523768172527785	-0.680073324214149	0.534911694622643
3.78876074022929	-0.528030615635743	-0.676700499907509	0.538689813365006
3.79504392553647	-0.532271792158166	-0.673303971212628	0.542457026883459
3.80132711084365	-0.536491553371611	-0.669883806822776	0.546213278814702
3.80761029615083	-0.540689750985401	-0.666440075805461	0.549958506392037
3.81389348145801	-0.544866237144106	-0.662972847642781	0.55369264040912
3.82017666676519	-0.549020864430273	-0.659482192271978	0.557415605189697
3.82645985207237	-0.553153485867413	-0.655968180126176	0.561127318563351
3.83274303737955	-0.557263954923248	-0.652430882175242	0.564827691847279
3.83902622268673	-0.56135212551321	-0.648870369966745	0.568516629834092
3.84530940799391	-0.565417852004199	-0.645286715666974	0.572194030785658
3.85159259330109	-0.569460989218599	-0.641679992101981	0.575859786432973
3.85787577860827	-0.573481392438558	-0.638050272798589	0.579513781982047
3.86415896391545	-0.57747891741051	-0.634397632025369	0.583155896125796
3.87044214922263	-0.581453420349975	-0.630722144833498	0.586786001061912
3.8767253345298	-0.585404757946595	-0.627023887097505	0.59040396251668
3.88300851983698	-0.58933278736944	-0.623302935555841	0.594009639774711
3.88929170514416	-0.593237366272561	-0.619559367851242	0.597602885714549
3.89557489045134	-0.5971183528008	-0.615793262570853	0.601183546850097
3.90185807575852	-0.600975605595846	-0.612004699286075	0.604751463377826
3.9081412610657	-0.604808983802547	-0.608193758592094	0.608306469229683
3.91442444637288	-0.608618347075466	-0.60436052214706	0.611848392131671
3.92070763168006	-0.612403555585676	-0.600505072710883	0.615377053667981
3.92699081698724	-0.616164470027811	-0.596627494183607	0.618892269350656
3.93327400229442	-0.619900951627345	-0.592727871643329	0.622393848694665
3.9395571876016	-0.623612862148114	-0.588806291383629	0.625881595298319
3.94584037290878	-0.627300063900064	-0.584862840950482	0.629355306928945
3.95212355821596	-0.630962419747243	-0.580897609178608	0.632814775613707
3.95840674352314	-0.634599793116003	-0.576910686227245	0.636259787735482
3.96468992883032	-0.638212048003438	-0.572902163615295	0.6396901241337
3.9709731141375	-0.641799048986035	-0.568872134255825	0.643105560210014
3.97725629944468	-0.645360661228537	-0.564820692489893	0.646505866038706
3.98353948475186	-0.648896750493026	-0.560747934119658	0.64989080648171
3.98982267005904	-0.652407183148198	-0.556653956440759	0.653260141308123
3.99610585536622	-0.655891826178855	-0.552538858273926	0.656613625318092
4.0023890406734	-0.659350547195575	-0.548402739995802	0.659951008470932
4.00867222598058	-0.662783214444591	-0.544245703568943	0.663272036017369
4.01495541128776	-0.666189696817844	-0.540067852570981	0.666576448635744
4.02123859659494	-0.669569863863221	-0.535869292222912	0.669863982572063
4.02752178190211	-0.672923585794965	-0.531650129416497	0.673134369783743
4.03380496720929	-0.67625073350426	-0.527410472740745	0.676387338086913
4.04008815251647	-0.679551178569975	-0.523150432507464	0.67962261130712
4.04637133782365	-0.682824793269561	-0.518870120775853	0.682839909433297
4.05265452313083	-0.686071450590115	-0.514569651376113	0.686038948774844
4.05893770843801	-0.689291024239569	-0.510249139932069	0.689219442121661
4.06522089374519	-0.692483388658035	-0.50590870388277	0.692381098906992
4.07150407905237	-0.695648419029273	-0.501548462503063	0.695523625372902
4.07778726435955	-0.698785991292288	-0.497168536923116	0.698646724738265
4.08407044966673	-0.701895982153042	-0.492769050146883	0.701750097369062
4.09035363497391	-0.704978269096292	-0.488350127069482	0.704833440950866
4.09663682028109	-0.708032730397513	-0.483911894493494	0.707896450663328
4.10292000558827	-0.711059245134941	-0.479454481144156	0.710938819356521
4.10920319089545	-0.71405769320169	-0.474978017683436	0.713960237728958
4.11548637620263	-0.717027955317968	-0.470482636722992	0.716960394507149
4.12176956150981	-0.719969913043365	-0.46596847283599	0.719938976626509
4.12805274681699	-0.722883448789205	-0.461435662567792	0.722895669413468
4.13433593212417	-0.725768445830976	-0.456884344445486	0.725830156768615
4.14061911743135	-0.728624788320805	-0.452314658986271	0.728742121350716
4.14690230273853	-0.731452361299986	-0.447726748704675	0.731631244761443
4.15318548804571	-0.734251050711549	-0.443120758118621	0.73449720773065
4.15946867335289	-0.737020743412863	-0.438496833754315	0.737339690302033
4.16575185866007	-0.739761327188268	-0.43385512414998	0.740158372019027
4.17203504396725	-0.742472690761728	-0.429195779858407	0.742952932110762
4.17831822927443	-0.745154723809484	-0.424518953448358	0.745723049677928
4.1846014145816	-0.747807316972737	-0.419824799504776	0.748468403878404
4.19088459988878	-0.750430361870301	-0.415113474627851	0.751188674112477
4.19716778519596	-0.753023751111265	-0.410385137430916	0.753883540207504
4.20345097050314	-0.755587378307631	-0.405639948537187	0.756552682601868
4.20973415581032	-0.758121138086931	-0.40087807057534	0.759195782528084
4.2160173411175	-0.760624926104806	-0.396099668173959	0.761812522194885
4.22230052642468	-0.763098639057557	-0.391304907954827	0.764402584968172
4.22858371173186	-0.765542174694643	-0.386493958525093	0.766965655550652
4.23486689703904	-0.767955431831123	-0.381666990468308	0.769501420160053
4.24115008234622	-0.770338310360051	-0.376824176334354	0.77200956670576
4.2474332676534	-0.772690711264792	-0.371965690628263	0.774489784963729
4.25371645296058	-0.775012536631265	-0.367091709797947	0.776941766749571
4.25999963826776	-0.777303689660118	-0.362202412220838	0.779365206089645
4.26628282357494	-0.779564074678799	-0.35729797818947	0.781759799390057
4.27256600888212	-0.781793597153543	-0.352378589896001	0.784125245603422
4.2788491941893	-0.78399216370126	-0.347444431415694	0.786461246393278
4.28513237949648	-0.786159682101306	-0.342495688689373	0.788767506296027
4.29141556480366	-0.788296061307152	-0.337532549504871	0.791043732880292
4.29769875011084	-0.790401211457925	-0.332555203477489	0.793289636903572
4.30398193541802	-0.79247504388983	-0.327563842029465	0.795504932466096
4.3102651207252	-0.794517471147433	-0.322558658368504	0.797689337161754
4.31654830603238	-0.796528406994809	-0.317539847465356	0.79984257222602
4.32283149133956	-0.79850776642655	-0.31250760603048	0.801964362680762
4.32911467664673	-0.800455465678618	-0.307462132489807	0.804054437475834
4.33539786195391	-0.802371422239047	-0.302403626959624	0.806112529627381
4.34168104726109	-0.804255554858479	-0.297332291220596	0.808138376352744
4.34796423256827	-0.806107783560541	-0.29224832869096	0.810131719201903
4.35424741787545	-0.807928029652047	-0.287151944398891	0.812092304185365
4.36053060318263	-0.809716215733027	-0.282043344954091	0.814019881898419
4.36681378848981	-0.811472265706565	-0.276922738518597	0.815914207641699
4.37309697379699	-0.81319610478847	-0.271790334776849	0.817775041537974
4.37938015910417	-0.814887659516736	-0.266646344905032	0.819602148645103
4.38566334441135	-0.816546857760822	-0.261490981539729	0.8213952990651
4.39194652971853	-0.818173628730727	-0.256324458745887	0.823154268049241
4.39822971502571	-0.81976790298586	-0.251146991984152	0.824878836099169
4.40451290033289	-0.821329612443709	-0.245958798077567	0.826568789063951
4.41079608564007	-0.822858690388291	-0.240760095177685	0.828223918233023
4.41707927094725	-0.824355071478394	-0.235551102730096	0.829844020425006
4.42336245625443	-0.825818691755597	-0.230332041439427	0.831428898072341
4.42964564156161	-0.82724948865207	-0.225103133233806	0.832978359301706
4.43592882686879	-0.828647400998148	-0.219864601228853	0.834492218010198
4.44221201217597	-0.830012369029677	-0.214616669691186	0.835970293937246
4.44849519748315	-0.831344334395133	-0.209359564001501	0.837412412732231
4.45477838279033	-0.8326432401625	-0.204093510617239	0.838818406017803
4.46106156809751	-0.833909030825924	-0.198818737034866	0.84018811144887
4.46734475340469	-0.835141652312116	-0.193535471751795	0.841521372767254
4.47362793871187	-0.836341051986521	-0.188243944227983	0.842818039852011
4.47991112401905	-0.83750717865925	-0.182944384847227	0.844077968765399
4.48619430932622	-0.838639982590755	-0.177637024878171	0.845301021794506
4.4924774946334	-0.83973941549727	-0.172322096435081	0.846487067488534
4.49876067994058	-0.840805430556	-0.166999832438396	0.847635980691755
4.50504386524776	-0.841837982410061	-0.161670466575075	0.848747642572135
4.51132705055494	-0.842837027173171	-0.156334233258789	0.849821940645652
4.51761023586212	-0.843802522434091	-0.150991367589975	0.850858768796325
4.5238934211693	-0.844734427260814	-0.145642105315765	0.851858027291966
4.53017660647648	-0.845632702204504	-0.140286682789841	0.852819622795689
4.53645979178366	-0.846497309303177	-0.134925336932225	0.853743468373191
4.54274297709084	-0.847328212085137	-0.129558305189041	0.854629483495854
4.54902616239802	-0.848125375572152	-0.124185825492268	0.855477594039674
4.5553093477052	-0.848888766282384	-0.118808136219511	0.85628773228008
4.56159253301238	-0.849618352233058	-0.113425476153817	0.85705983688267
4.56787571831956	-0.850314102942887	-0.108038084443573	0.857793852889898
4.57415890362674	-0.850975989434241	-0.102646200562478	0.858489731703775
4.58044208893392	-0.851603984235063	-0.0972500642696621	0.859147431064613
4.5867252742411	-0.852198061380544	-0.0918499155699291	0.859766915025876
4.59300845954828	-0.852758196414533	-0.0864459946741887	0.860348153925183
4.59929164485546	-0.853284366390715	-0.0810385419600624	0.860891124351519
4.60557483016264	-0.853776549873533	-0.0756277979327249	0.861395809108714
4.61185801546982	-0.85423472693887	-0.0702140031859759	0.861862197175245
4.618141200777	-0.854658879174477	-0.0647973983635839	0.862290283660426
4.62442438608418	-0.855048989680173	-0.0593782241209055	0.862680069757057
4.63070757139136	-0.855405043067798	-0.0539567210868252	0.863031562690578
4.63699075669853	-0.855727025460921	-0.0485331298260185	0.86334477566482
4.64327394200571	-0.856014924494329	-0.0431076908015648	0.863619727804406
4.64955712731289	-0.856268729313262	-0.037680644337939	0.863856444093884
4.65584031262007	-0.856488430572437	-0.0322522305843895	0.864054955313657
4.66212349792725	-0.856674020434822	-0.0268226894787346	0.864215297972792
4.66840668323443	-0.856825492570206	-0.0213922607115854	0.864337514238786
4.67468986854161	-0.856942842153526	-0.0159611836910194	0.864421651864352
4.68097305384879	-0.857026065862987	-0.0105296975077271	0.864467764111336
4.68725623915597	-0.857075161877958	-0.00509804090064558	0.864475909671804
4.69353942446315	-0.857090129876653	0.000333547776909998	0.864446152586423
4.69982260977033	-0.857070971033607	0.00576483059058788	0.86437856216019
4.70610579507751	-0.857017688016938	0.0111955700577995	0.864273212875605
4.71238898038469	-0.856930284985408	0.0166255291799807	0.864130184303374
4.71867216569187	-0.85680876758528	0.0220544714742689	0.863949561010728
4.72495535099905	-0.856653142946982	0.0274821610046057	0.863731432467445
4.73123853630623	-0.856463419681572	0.0329083624122357	0.863475892949654
4.73752172161341	-0.856239607877022	0.0383328409456042	0.86318304144153
4.74380490692059	-0.855981719094304	0.0437553624896179	0.862852981534947
4.75008809222777	-0.855689766363306	0.049175693594281	0.8624858213272
4.75637127753495	-0.855363764178561	0.054593601502673	0.862081673316863
4.76265446284213	-0.855003728494809	0.0600088541782746	0.861640654297895
4.76893764814931	-0.854609676722386	0.0654212203316183	0.861162885252078
4.77522083345649	-0.854181627722444	0.0708304694462567	0.860648491239866
4.78150401876367	-0.853719601802023	0.0762363718040447	0.860097601289761
4.78778720407084	-0.853223620708948	0.0816386985097224	0.859510348286279
4.79407038937802	-0.852693707626589	0.0870372215147844	0.858886868856626
4.8003535746852	-0.852129887168465	0.0924317136406366	0.858227303256149
4.80663675999238	-0.851532185372711	0.0978219486010326	0.857531795252675
4.81291994529956	-0.850900629696396	0.103207701023776	0.856800492009815
4.81920313060674	-0.850235249009722	0.108588746471684	0.856033543969328
4.82548631591392	-0.849536073590077	0.113964861462818	0.855231104732641
4.8317695012211	-0.848803135115978	0.11933582348996	0.854393330941605
4.83805268652828	-0.848036466660883	0.124701411039341	0.853520382158587
4.84433587183546	-0.847236102686895	0.130061403608607	0.852612420745977
4.85061905714264	-0.84640207903835	0.135415581724044	0.851669611745208
4.85690224244982	-0.845534432935305	0.140763726957016	0.850692122755375
4.863185427757	-0.844633202966918	0.146105621939664	0.849680123811531
4.86946861306418	-0.843698429084741	0.151441050379822	0.848633787262761
4.87575179837136	-0.842730152595909	0.156769797075176	0.847553287650108
4.88203498367854	-0.841728416156256	0.162091647926654	0.846438801584447
4.88831816898572	-0.840693263763341	0.167406389951045	0.845290507624378
4.8946013542929	-0.8396247407494	0.172713811292851	0.844108586154236
4.90088453960008	-0.838522893774223	0.178013701235383	0.842893219262284
4.90716772490726	-0.837387770817966	0.183305850211081	0.841644590619183
4.91345091021444	-0.836219421173905	0.188590049811072	0.840362885356822
4.91973409552162	-0.835017895441121	0.193866092793978	0.839048289947563
4.9260172808288	-0.833783245517143	0.19913377309396	0.837700992084016
4.93230046613598	-0.832515524590538	0.204392885828002	0.836321180559384
4.93858365144315	-0.831214787133456	0.209643227302459	0.834909045148482
4.94486683675033	-0.829881088894143	0.214884595018849	0.833464776489483
4.95115002205751	-0.82851448688941	0.220116787678911	0.831988565966483
4.95743320736469	-0.827115039397081	0.225339605188926	0.830480605592938
4.96371639267187	-0.825682805948411	0.230552848663299	0.828941087896062
4.96999957797905	-0.824217847320488	0.235756320427438	0.827370205802232
4.97628276328623	-0.822720225528616	0.2409498240199	0.825768152523501
4.98256594859341	-0.821190003818688	0.246133164193828	0.824135121445239
4.98884913390059	-0.81962724665955	0.251306146917697	0.82247130601502
4.99513231920777	-0.818032019735365	0.256468579375358	0.820776899632769
5.00141550451495	-0.81640438993798	0.261620269965395	0.819052095542261
5.00769868982213	-0.814744425359298	0.266761028299803	0.817297086724031
5.01398187512931	-0.813052195283655	0.271890665202009	0.815512065789731
5.02026506043649	-0.811327770180221	0.277008992704223	0.813697224878014
5.02654824574367	-0.809571221695413	0.282115824044143	0.811852755551997
5.03283143105085	-0.807782622645334	0.287210973661019	0.809978848698346
5.03911461635803	-0.805962047008235	0.292294257191093	0.808075694428041
5.04539780166521	-0.804109569917013	0.297365491462418	0.806143481978877
5.05168098697239	-0.802225267651739	0.302424494489066	0.804182399619742
5.05796417227957	-0.800309217632224	0.30747108546475	0.802192634556725
5.06424735758675	-0.798361498410633	0.312505084755852	0.800174372841094
5.07053054289393	-0.796382189664137	0.317526313893885	0.798127799279199
5.07681372820111	-0.794371372187618	0.32253459556739	0.796053097344322
5.08309691350829	-0.792329127886426	0.327529753613293	0.793950449090542
5.08938009881546	-0.790255539769193	0.33251161300772	0.791820035068632
5.09566328412264	-0.788150691940705	0.337479999856293	0.789662034244031
5.10194646942982	-0.786014669594836	0.342434741383914	0.787476623916938
5.108229654737	-0.78384755900755	0.347375665924062	0.785263979644545
5.11451284004418	-0.781649447529969	0.352302602907602	0.783024275165452
5.12079602535136	-0.779420423581519	0.357215382851119	0.780757682326298
5.12707921065854	-0.777160576643139	0.362113837344817	0.778464371010621
5.13336239596572	-0.774869997250576	0.36699779903996	0.776144509069994
5.1396455812729	-0.772548776987766	0.371867101635895	0.773798262257451
5.14592876658008	-0.770197008480281	0.376721579866665	0.771425794163231
5.15221195188726	-0.767814785388877	0.381561069487225	0.769027266152858
5.15849513719444	-0.76540220240312	0.386385407259271	0.766602837307592
5.16477832250162	-0.762959355235109	0.391194430936713	0.764152664367241
5.1710615078088	-0.760486340613288	0.395987979250781	0.761676901675398
5.17734469311598	-0.75798325627635	0.400765891894814	0.759175701127066
5.18362787842316	-0.755450200967243	0.405528009508711	0.756649212118724
5.18991106373034	-0.752887274427271	0.410274173663079	0.754097581500841
5.19619424903752	-0.750294577390301	0.415004226843099	0.751520953532828
5.2024774343447	-0.74767221157706	0.419718012432108	0.748919469840464
5.20876061965188	-0.745020279689551	0.424415374694926	0.746293269375788
5.21504380495906	-0.742338885405565	0.429096158760933	0.743642488379477
5.22132699026624	-0.739628133373301	0.433760210606925	0.740967260345698
5.22761017557342	-0.736888129206099	0.438407377039753	0.738267715989451
5.2338933608806	-0.734118979477278	0.443037505678762	0.735543983216411
5.24017654618777	-0.731320791715085	0.447650444938053	0.732796187095247
5.24645973149495	-0.728493674397763	0.452246044008581	0.73002444983244
5.25274291680213	-0.725637736948718	0.456824152840091	0.727228890749593
5.25902610210931	-0.722753089731818	0.461384622122933	0.72440962626322
5.26530928741649	-0.71983984404679	0.465927303269749	0.721566769867018
5.27159247272367	-0.716898112124741	0.47045204839706	0.718700432116622
5.27787565803085	-0.713928007123797	0.474958710306767	0.715810720616816
5.28415884333803	-0.71092964312485	0.479447142467569	0.712897740011216
5.29044202864521	-0.707903135127432	0.48391719899634	0.709961591974393
5.29672521395239	-0.704848599045694	0.48836873463945	0.707002375206444
5.30300839925957	-0.701766151704519	0.492801604754068	0.704020185429984
5.30929158456675	-0.698655910835734	0.497215665289448	0.701015115389555
5.31557476987393	-0.695517995074455	0.501610772768225	0.69798725485343
5.32185795518111	-0.692352523955537	0.505986784267726	0.694936690617803
5.32814114048829	-0.689159617910154	0.510343557401309	0.691863506513345
5.33442432579547	-0.685939398262486	0.514680950299767	0.688767783414107
5.34070751110265	-0.682691987226525	0.518998821592779	0.685649599248754
5.34699069640983	-0.679417507903001	0.523297030390444	0.6825090290141
5.35327388171701	-0.676116084276421	0.527575436264911	0.679346144790945
5.35955706702419	-0.672787841212221	0.531833899232112	0.67616101576216
5.36584025233137	-0.669432904454037	0.536072279733617	0.672953708233026
5.37212343763855	-0.666051400621086	0.540290438618621	0.669724285653786
5.37840662294573	-0.662643457205662	0.544488237126085	0.666472808644388
5.38468980825291	-0.659209202570742	0.548665536867033	0.663199335021397
5.39097299356009	-0.655748765947702	0.552822199807032	0.659903919827045
5.39725617886726	-0.652262277434151	0.556958088248852	0.656586615360392
5.40353936417444	-0.648749867991853	0.561073064815339	0.653247471210566
5.40982254948162	-0.645211669444784	0.565166992432493	0.649886534292064
5.4161057347888	-0.641647814477266	0.569239734312783	0.646503848882066
5.42238892009598	-0.638058436632232	0.573291153938692	0.643099456659749
5.42867210540316	-0.634443670309571	0.577321115046533	0.639673396747551
5.43495529071034	-0.630803650764585	0.58132948161051	0.636225705754371
5.44123847601752	-0.627138514106547	0.585316117827068	0.632756417820658
5.4475216613247	-0.623448397297352	0.58928088809953	0.629265564665354
5.45380484663188	-0.61973343815026	0.593223657023037	0.625753175634673
5.46008803193906	-0.615993775328744	0.597144289369793	0.622219277752663
5.46637121724624	-0.612229548345419	0.601042650074643	0.618663895773518
5.47265440255342	-0.608440897561065	0.604918604220974	0.615087052235615
5.4789375878606	-0.604627964183739	0.608772017026972	0.611488767517225
5.48522077316778	-0.600790890267966	0.612602753832228	0.607869059893868
5.49150395847496	-0.596929818714022	0.616410680084708	0.604227945597275
5.49778714378214	-0.593044893267293	0.620195661328101	0.600565438875913
5.50407032908932	-0.589136258517705	0.623957563189556	0.596881552057035
5.5103535143965	-0.585204059899249	0.627696251367805	0.593176295610221
5.51663669970368	-0.581248443689556	0.631411591621696	0.589449678212368
5.52291988501086	-0.577269557009561	0.635103449759138	0.58570170681408
5.52920307031804	-0.573267547823226	0.638771691626466	0.581932386707433
5.53548625562522	-0.569242564937334	0.642416183098233	0.57814172159506
5.54176944093239	-0.565194758001338	0.646036790067451	0.574329713660522
5.54805262623957	-0.561124277507276	0.649633378436265	0.570496363639922
5.55433581154675	-0.557031274789741	0.653205814107088	0.566641670894718
5.56061899685393	-0.552915902025913	0.656753962974194	0.562765633485702
5.56690218216111	-0.548778312235624	0.660277690915786	0.558868248248085
5.57318536746829	-0.544618659281489	0.663776863786529	0.554949510867661
5.57946855277547	-0.54043709786908	0.667251347410571	0.551009415958005
5.58575173808265	-0.536233783547127	0.670701007575055	0.547047957138653
5.59203492338983	-0.532008872707782	0.674125710024114	0.543065127114229
5.59831810869701	-0.527762522586896	0.677525320453384	0.539060917754477
5.60460129400419	-0.523494891264349	0.680899704504999	0.535035320175149
5.61088447931137	-0.519206137664396	0.684248727763121	0.530988324819707
5.61716766461855	-0.514896421556041	0.687572255749968	0.526919921541794
5.62345084992573	-0.510565903553444	0.690870153922374	0.522830099688441
5.62973403523291	-0.506214745116336	0.694142287668863	0.518718848183952
5.63601722054009	-0.501843108550458	0.697388522307263	0.514586155614428
5.64230040584727	-0.497451157008011	0.700608723082847	0.51043201031289
5.64858359115445	-0.493039054488119	0.70380275516701	0.506256400444965
5.65486677646163	-0.488606965837291	0.706970483656491	0.502059314095059
5.66114996176881	-0.484155056749892	0.71011177357313	0.497840739353018
5.66743314707599	-0.479683493768617	0.713226489864181	0.493600664401203
5.67371633238317	-0.475192444284955	0.716314497403163	0.489339077601944
5.67999951769035	-0.470682076539645	0.719375660991269	0.485055967585326
5.68628270299753	-0.46615255962313	0.722409845359327	0.480751323337281
5.69256588830471	-0.461604063475988	0.725416915170306	0.476425134287914
5.69884907361188	-0.457036758889351	0.728396735022393	0.472077390400049
5.70513225891906	-0.452450817505298	0.731349169452614	0.467708082257927
5.71141544422624	-0.447846411817228	0.73427408294102	0.46331720115604
5.71769862953342	-0.443223715170206	0.737171339915426	0.458904739188031
5.7239818148406	-0.438582901761271	0.740040804756715	0.454470689335641
5.73026500014778	-0.433924146639716	0.742882341804695	0.450015045557644
5.73654818545496	-0.429247625707321	0.745695815364517	0.44553780287874
5.74283137076214	-0.424553515718556	0.748481089713655	0.441038957478364
5.74911455606932	-0.419841994280727	0.751238029109436	0.436518506779356
5.7553977413765	-0.415113239854077	0.753966497797133	0.431976449536469
5.76168092668368	-0.41036743175184	0.756666360018608	0.427412785924667
5.76796411199086	-0.405604750140228	0.759337480021518	0.422827517627171
5.77424729729804	-0.400825376038367	0.761979722069063	0.41822064792321
5.78053048260522	-0.396029491318165	0.764592950450289	0.41359218177545
5.7868136679124	-0.391217278704121	0.767177029490941	0.40894212591705
5.79309685321958	-0.386388921773054	0.769731823564858	0.404270488938309
5.79938003852676	-0.381544604953764	0.772257197105915	0.399577281372867
5.80566322383394	-0.376684513526617	0.774753014620501	0.394862515783423
5.81194640914112	-0.371808833623053	0.777219140700534	0.39012620684693
5.8182295944483	-0.366917752224995	0.779655440037018	0.385368371439226
5.82451277975548	-0.362011457164195	0.782061777434116	0.380589028719072
5.83079596506266	-0.357090137121468	0.784438017823762	0.375788200211557
5.83707915036984	-0.35215398162585	0.786784026280785	0.370965909890834
5.84336233567702	-0.347203181053644	0.789099668038557	0.366122184262144
5.8496455209842	-0.342237926627378	0.791384808505153	0.361257052443107
5.85592870629137	-0.337258410414652	0.793639313280018	0.356370546244237
5.86221189159855	-0.332264825326886	0.795863048171135	0.351462700248641
5.86849507690573	-0.327257365117948	0.798055879212698	0.346533551890884
5.87477826221291	-0.322236224382685	0.800217672683272	0.341583141534969
5.88106144752009	-0.317201598555321	0.802348295124439	0.336611512551414
5.88734463282727	-0.312153683907749	0.804447613359933	0.331618711393379
5.89362781813445	-0.307092677547693	0.806515494515245	0.32660478767183
5.89991100344163	-0.302018777416755	0.808551806037691	0.321569794229685
5.90619418874881	-0.296932182288324	0.810556415716959	0.316513787214938
5.91247737405599	-0.291833091765361	0.812529191706094	0.311436826152705
5.91876055936317	-0.286721706278046	0.814470002542944	0.306338974016177
5.92504374467035	-0.281598227081298	0.816378717172048	0.301220297296455
5.93132692997753	-0.276462856252143	0.818255204966949	0.296080866071221
5.93761011528471	-0.27131579668695	0.820099335752948	0.29092075407223
5.94389330059189	-0.266157252098519	0.82191097983027	0.285740038751596
5.95017648589907	-0.260987427013029	0.823690007997641	0.280538801346843
5.95645967120625	-0.255806526766821	0.825436291576281	0.27531712694468
5.96274285651343	-0.250614757503045	0.827149702434281	0.270075104543502
5.96902604182061	-0.245412326168144	0.828830113011374	0.264812827114569
5.97530922712779	-0.240199440508185	0.830477396344087	0.259530391661852
5.98159241243497	-0.234976309065028	0.832091426091264	0.254227899280504
5.98787559774215	-0.229743141172335	0.833672076559951	0.248905455213963
5.99415878304933	-0.224500146951417	0.835219222731636	0.243563168909628
6.0004419683565	-0.219247537306909	0.836732740288835	0.238201154073115
6.00672515366368	-0.213985523922284	0.838212505642014	0.232819528721053
6.01300833897086	-0.20871431925519	0.839658395956838	0.22741841523241
6.01929152427804	-0.203434136532626	0.841070289181737	0.221997940398325
6.02557470958522	-0.19814518974593	0.842448064075779	0.216558235470419
6.0318578948924	-0.192847693645596	0.84379160023685	0.211099436207578
6.03814108019958	-0.187541863735921	0.845100778130111	0.205621682921179
6.04442426550676	-0.182227916269459	0.846375479116742	0.200125120518757
6.05070745081394	-0.176906068241305	0.847615585482954	0.194609898546064
6.05699063612112	-0.171576537383185	0.84882098046926	0.189076171227541
6.0632738214283	-0.166239542157378	0.849991548299993	0.183524097505165
6.06955700673548	-0.160895301750429	0.851127174213068	0.177953841075656
6.07584019204266	-0.155544036066693	0.852227744489967	0.172365570426032
6.08212337734984	-0.150185965721681	0.853293146485945	0.16675945886751
6.08840656265702	-0.144821312035222	0.854323268660446	0.161135684567714
6.0946897479642	-0.139450297024423	0.855318000607708	0.155494430581202
6.10097293327138	-0.134073143396446	0.856277233087567	0.149835884878286
6.10725611857856	-0.128690074541089	0.857200858056423	0.144160240372134
6.11353930388574	-0.123301314523163	0.858088768698382	0.138467694944147
6.11982248919292	-0.117907088074686	0.858940859456546	0.132758451467604
6.1261056745001	-0.112507620586872	0.859757026064447	0.127032717829551
6.13238885980728	-0.107103138101925	0.860537165577616	0.121290706950948
6.13867204511446	-0.101693867304632	0.861281176405266	0.115532636805037
6.14495523042164	-0.0962800355137564	0.861988958342095	0.109758730433949
6.15123841572882	-0.0908618706732335	0.862660412600178	0.103969215963526
6.15752160103599	-0.0854396013431678	0.863295441840953	0.0981643266163658
6.16380478634317	-0.0800134566906201	0.863893950207283	0.0923443007230648
6.17008797165035	-0.0745836664802007	0.864455843355574	0.0865093817316712
6.17637115695753	-0.0691504610644635	0.864981028487962	0.0806598182153415
6.18265434226471	-0.0637140713740837	0.865469414384531	0.0747958638781772
6.18893752757189	-0.0582747289078479	0.865920911435564	0.0689177775592689
6.19522071287907	-0.0528326657224332	0.866335431673818	0.0630258232349209
6.20150389818625	-0.0473881144219891	0.866712888806799	0.0571202700190681
6.20778708349343	-0.0419413081475079	0.867053198249048	0.0512013921618706
6.21407026880061	-0.0364924805660038	0.867356277154394	0.0452694690465037
6.22035345410779	-0.0310418658594773	0.867622044448198	0.0393247851841215
6.22663663941497	-0.025589698713689	0.867850420859549	0.0333676302070168
6.23291982472215	-0.0201362143067203	0.868041328953416	0.0273982988599563
6.23920301002933	-0.0146816482973399	0.868194693162739	0.0214170909897112
6.24548619533651	-0.00922623681316739	0.868310439820446	0.0154243115327774
6.25176938064369	-0.00377021643863357	0.868388497191391	0.00942027050128522
6.25805256595087	0.0016861757972596	0.868428795504199	0.00340528296710627
6.26433575125805	0.00714270243337635	0.868431266982995	-0.00262033095583669
6.27061893656523	0.012599125589082	0.868395845879034	-0.00865624613105206
6.27690212187241	0.0180552069770836	0.868322468502183	-0.0147021324207599
