0	0	0.844295510645076	-1.01409246892019	0.00155605798256637
0.00628318530717959	2.65014572470648E-05	0.853137098720417	-0.989391061693137	0.00688887664562804
0.0125663706143592	8.66823155983992E-05	0.86164386310076	-0.965129150139705	0.012276193685384
0.0188495559215388	0.000180878428262615	0.869821764018156	-0.941317957938553	0.0177159239869952
0.0251327412287183	0.000309412665906852	0.877676903837372	-0.917966992198063	0.0232060203427945
0.0314159265358979	0.000472595157497348	0.885215505504161	-0.895084084835301	0.028744474277379
0.0376991118430775	0.000670723535902321	0.892443891490356	-0.872675437843199	0.0343293167388236
0.0439822971502571	0.000904083187425631	0.899368463282732	-0.850745672212472	0.039958618659288
0.0502654824574367	0.00117294750446192	0.90599568145972	-0.829297880268649	0.0456304913885725
0.0565486677646163	0.00147757814048637	0.912332046397186	-0.808333681179267	0.0513430870044473
0.0628318530717959	0.00181822526661798	0.918384079641531	-0.787853279381962	0.0570945985038302
0.0691150383789754	0.00219512782902115	0.924158305985362	-0.767855525680652	0.0628832598791178
0.075398223686155	0.00260851380643728	0.929661236277967	-0.748337980754421	0.0687073460841863
0.0816814089933346	0.0030586004671691	0.934899350999759	-0.729296980821966	0.074565172894774
0.0879645943005142	0.00354559462486798	0.93987908462676	-0.710727705203581	0.0804550966681271
0.0942477796076938	0.00406969289250846	0.944606810808148	-0.692624245522546	0.0863755140069489
0.100530964914873	0.00463108193396345	0.949088828376784	-0.674979676288595	0.0923248613328227
0.106814150222053	0.0052299387126293	0.953331348209575	-0.657786126607612	0.0983016143743992
0.113097335529233	0.00586643073658072	0.95734048095151	-0.64103485276401	0.104304287575732
0.119380520836412	0.006540716299772	0.961122225614161	-0.6247163114253	0.11033143343022
0.125663706143592	0.00725294471883391	0.964682459056509	-0.608820233222037	0.11638164174569
0.131946891450771	0.00800325656505101	0.968026926352991	-0.593335696460777	0.122453538846155
0.138230076757951	0.00879178389113938	0.971161232050866	-0.578251200732712	0.128545786715864
0.14451326206513	0.00961865045247956	0.97409083231611	-0.563554740186307	0.134657082091201
0.15079644737231	0.0104839719224941	0.976821027964414	-0.54923387623851	0.140786155506022
0.15707963267949	0.0113878561018958	0.979356958371132	-0.535275809505865	0.146931770295973
0.163362817986669	0.0123304031215646	0.981703596251516	-0.521667450744194	0.153092721567272
0.169646003293849	0.013311705638848	0.983865743300059	-0.508395490593199	0.159267835135416
0.175929188601028	0.0143318490271134	0.985848026675404	-0.495446467930593	0.165455966439135
0.182212373908208	0.0153909115584118	0.987654896314997	-0.482806836648933	0.171655999434894
0.188495559215388	0.016488964579148	0.989290623061468	-0.470463030677265	0.177866845477064
0.194778744522567	0.0176260726786835	0.990759297580682	-0.458401527079011	0.184087442188835
0.201061929829747	0.0188022938508279	0.9920648300494	-0.446608907067036	0.19031675232875
0.207345115136926	0.020017679648209	0.993210950588708	-0.435071914786706	0.196553762657638
0.213628300444106	0.0212722753295345	0.994201210417582	-0.423777513727726	0.202797482810545
0.219911485751286	0.0225661199997957	0.995038983699401	-0.412712940635803	0.209046944178103
0.226194671058465	0.0238992467434819	0.995727470052703	-0.4018657568055	0.215301198801606
0.232477856365645	0.0252716827509068	0.996269697696147	-0.391223896646143	0.221559318285867
0.238761041672824	0.0266834494377697	0.996668527196358	-0.380775713423128	0.22782039273375
0.245044226980004	0.0281345625581011	0.996926655786285	-0.370510022087678	0.234083529706055
0.251327412287183	0.0296250323107604	0.997046622220639	-0.360416139118532	0.240347853210246
0.257610597594363	0.0311548634396801	0.997030812134172	-0.350483919309803	0.246612502721281
0.263893782901543	0.0327240553280659	0.996881463867784	-0.340703789449643	0.252876632237599
0.270176968208722	0.0343326020867833	0.996600674726817	-0.331066778844885	0.259139409375089
0.276460153515902	0.0359804926371778	0.996190407635436	-0.321564546657155	0.265400014501646
0.282743338823081	0.0376677107885917	0.995652498150567	-0.312189406026174	0.271657639914684
0.289026524130261	0.039394235310852	0.994988661798648	-0.302934344966059	0.277911489063755
0.295309709437441	0.0411600400020229	0.994200501698255	-0.293793044030285	0.284160775820181
0.30159289474462	0.0429650937517195	0.993289516431688	-0.284759890750699	0.290404723795385
0.3078760800518	0.0448093606002966	0.99225710812862	-0.275829990865407	0.296642565709364
0.314159265358979	0.0466927997942293	0.991104590725151	-0.266999176359631	0.302873542810522
0.320442450666159	0.0486153658380131	0.989833198361856	-0.258264010352531	0.309096904347853
0.326725635973339	0.0505770085429134	0.98844409388484	-0.249621788871741	0.315311907096238
0.333008821280518	0.0525776730729015	0.986938377414283	-0.241070539565723	0.321517814935375
0.339292006587698	0.0546172999881135	0.985317094945535	-0.232609017412127	0.327713898482678
0.345575191894877	0.0566958252861731	0.983581246948524	-0.224236697488157	0.333899434780223
0.351858377202057	0.0588131804417165	0.981731796931951	-0.215953764876299	0.340073707035639
0.358141562509236	0.0609692924444585	0.979769679939646	-0.207761101785935	0.346236004416608
0.364424747816416	0.0631640838361338	0.977695810947316	-0.199660271978027	0.352385621898454
0.370707933123596	0.0653974727466464	0.975511093128954	-0.19165350258649	0.358521860164097
0.376991118430775	0.0676693729297516	0.973216425963224	-0.183743663435822	0.36464402555546
0.383274303737955	0.0699796937985926	0.970812713151249	-0.175934243960208	0.370751430075231
0.389557489045134	0.0723283404614024	0.968300870318448	-0.168229327834568	0.376843391437709
0.395840674352314	0.0747152137576753	0.96568183247427	-0.160633565432837	0.382919233167294
0.402123859659494	0.0771402102951043	0.962956561205008	-0.153152144233286	0.388978284743029
0.408407044966673	0.0796032224875643	0.960126051576172	-0.145790757294716	0.39501988178742
0.414690230273853	0.0821041385944188	0.957191338722336	-0.138555569931077	0.401043366297675
0.420973415581032	0.0846428427614051	0.954153504103733	-0.13145318471536	0.407048086917291
0.427256600888212	0.0872192150633483	0.951013681410378	-0.12449060494647	0.413033399245872
0.433539786195391	0.0898331315489356	0.947773062095948	-0.117675196715337	0.418998666184875
0.439822971502571	0.0924844642877705	0.944432900525168	-0.111014649708619	0.424943258316935
0.446106156809751	0.0951730814199082	0.940994518719975	-0.104516936890099	0.430866554316262
0.45238934211693	0.0978988472080612	0.937459310691273	-0.0981902732012111	0.43676794138758
0.45867252742411	0.100661622092646	0.933828746344637	-0.0920430734231049	0.44264681573094
0.464955712731289	0.103461262749824	0.930104374949908	-0.0860839093432694	0.448502583029711
0.471238898038469	0.106297622152672	0.92628782816614	-0.0803214663699549	0.454334658958979
0.477522083345649	0.109170549635612	0.922380822614971	-0.0747644997374844	0.460142469711534
0.483805268652828	0.112079890962178	0.918385161997007	-0.0694217904450834	0.4659254525386
0.490088453960008	0.115025488396239	0.914302738747374	-0.0643021010709856	0.471683056302404
0.496371639267187	0.118007180776706	0.910135535228122	-0.0594141316024173	0.477414742037709
0.502654824574367	0.121024803595799	0.905885624456686	-0.0547664754205247	0.483119983519364
0.508938009881546	0.124078189080884	0.901555170371095	-0.0503675755774673	0.488798267832991
0.515221195188726	0.127167166279904	0.897146427634117	-0.0462256815007663	0.494449095945879
0.521504380495906	0.130291561150386	0.892661740979949	-0.0423488062574862	0.500071983275207
0.527787565803085	0.133451196652005	0.888103544108495	-0.0387446845081012	0.505666460250747
0.534070751110265	0.136645892842655	0.883474358133666	-0.0354207312768028	0.511232072869203
0.540353936417444	0.139875466977975	0.878776789593457	-0.0323840016617261	0.516768383237429
0.546637121724624	0.143139733614242	0.874013528030898	-0.0296411516048915	0.522274970101786
0.552920307031804	0.146438504714537	0.869187343156224	-0.0271983998378704	0.527751429360979
0.559203492338983	0.149771589758086	0.864301081601837	-0.0250614911150428	0.533197374559775
0.565486677646163	0.15313879585262	0.859357663282821	-0.0232356608419504	0.538612437361092
0.571769862953342	0.156539927849642	0.854360077376881	-0.0217256012017516	0.543996267994015
0.578053048260522	0.159974788462417	0.849311377938679	-0.020535428877907	0.54934853567539
0.584336233567701	0.163443178386525	0.844214679164535	-0.0196686544663426	0.554668929002763
0.590619418874881	0.166944896422792	0.839073150324466	-0.0191281536651061	0.559957156316512
0.596902604182061	0.170479739602386	0.833890010379421	-0.0189161403242151	0.565212946029129
0.60318578948924	0.174047503313879	0.828668522302431	-0.0190341414328869	0.570436046919753
0.60946897479642	0.177647981432046	0.823411987123205	-0.0194829741156817	0.57562622839213
0.615752160103599	0.18128096644816	0.818123737716418	-0.0202627247033101	0.580783280694351
0.622035345410779	0.184946249601554	0.812807132354618	-0.0213727299379217	0.585907015098796
0.628318530717959	0.188643621012172	0.807465548047276	-0.0228115603666831	0.590997264040901
0.634601716025138	0.192372869813867	0.802102373688078	-0.0245770059713188	0.596053881215446
0.640884901332318	0.196133784288169	0.796721003032995	-0.026666064075097	0.60107674162925
0.647168086639497	0.199926151998239	0.791324827532114	-0.0290749295624324	0.606065741609275
0.653451271946677	0.203749759922733	0.785917229038547	-0.0317989874400057	0.611020798765288
0.659734457253857	0.207604394589292	0.780501572418017	-0.0348328077618518	0.615941851906389
0.666017642561036	0.211489842207352	0.775081198082938	-0.0381701429345356	0.620828860910856
0.672300827868216	0.215405888799997	0.769659414474948	-0.0418039274120754	0.625681806548904
0.678584013175395	0.219352320334546	0.764239490519947	-0.0457262797838625	0.630500690258113
0.684867198482575	0.223328922851577	0.758824648079689	-0.0499285072524576	0.635285533871419
0.691150383789755	0.227335482592102	0.753418054423956	-0.0544011124917298	0.640036379297741
0.697433569096934	0.231371786122575	0.748022814747182	-0.0591338028695008	0.64475328815543
0.703716754404114	0.235437620457458	0.742641964753255	-0.0641155020125649	0.649436341358895
0.709999939711293	0.239532773179045	0.737278463331971	-0.06933436368579	0.654085638658927
0.716283125018473	0.243657032554246	0.73193518535028	-0.0747777879508271	0.658701298137344
0.722566310325652	0.24781018764806	0.726614914581124	-0.0804324395639907	0.663283455656765
0.728849495632832	0.251992028433453	0.721320336792235	-0.0862842685669455	0.667832264266457
0.735132680940012	0.256202345897364	0.716054033016745	-0.0923185330180332	0.672347893565296
0.741415866247191	0.260440932142581	0.710818473026944	-0.0985198238064684	0.676830529023095
0.747699051554371	0.264707580485218	0.705616009031891	-0.104872091486106	0.681280371261607
0.75398223686155	0.269002085547563	0.700448869618959	-0.111358675060176	0.685697635296684
0.76026542216873	0.273324243346034	0.695319153958624	-0.117962332643232	0.690082549743194
0.76654860747591	0.277673851374038	0.690228826291126	-0.124665273921585	0.694435355984397
0.772831792783089	0.282050708679496	0.68517971071274	-0.131449194328761	0.698756307307609
0.779114978090269	0.286454615936837	0.680173486278598	-0.138295310847949	0.703045668008102
0.785398163397448	0.290885375513277	0.675211682438057	-0.145184399349107	0.707303712463262
0.791681348704628	0.295342791529176	0.670295674817703	-0.152096833364304	0.711530724179154
0.797964534011807	0.299826669912342	0.665426681366057	-0.159012624201034	0.715726994811722
0.804247719318987	0.304336818446094	0.660605758873074	-0.165911462289639	0.719892823164934
0.810530904626167	0.308873046810977	0.65583379987642	-0.172772759657696	0.724028514168267
0.816814089933346	0.313435166619989	0.651111529965486	-0.179575693421134	0.728134377836
0.823097275240526	0.318022991447217	0.646439505492922	-0.186299250179117	0.732210728210845
0.829380460547705	0.322636336849795	0.641818111702387	-0.192922271197221	0.736257882294491
0.835663645854885	0.327275020383111	0.637247561280023	-0.19942349826129	0.740276158967728
0.841946831162065	0.331938861609192	0.632727893335965	-0.205781620082427	0.744265877902807
0.848230016469244	0.336627682098258	0.628258972821042	-0.211975319132064	0.74822735847077
0.854513201776424	0.34134130542338	0.62384049038257	-0.217983318784749	0.752160918646485
0.860796387083603	0.346079557148273	0.619471962661947	-0.223784430645367	0.756066873914177
0.867079572390783	0.350842264808214	0.615152733035501	-0.229357601936891	0.759945536176204
0.873362757697962	0.355629257884127	0.610881972798838	-0.234681962824448	0.763797212667893
0.879645943005142	0.360440367769867	0.606658682793686	-0.239736873551517	0.767622204881204
0.885929128312322	0.365275427732787	0.602481695474999	-0.244501971264434	0.771420807500002
0.892212313619501	0.370134272867649	0.59834967741487	-0.248957216402024	0.775193307349685
0.898495498926681	0.375016740043997	0.594261132238574	-0.253082938528207	0.778939982363919
0.90477868423386	0.379922667847086	0.59021440398687	-0.256859881486755	0.782661100571146
0.91106186954104	0.384851896512529	0.586207680897483	-0.26026924775896	0.786356919103554
0.91734505484822	0.389804267854778	0.582238999597548	-0.263292741907012	0.790027683231093
0.923628240155399	0.394779625189632	0.578306249697615	-0.265912612988105	0.793673625423098
0.929911425462579	0.399777813250936	0.574407178776715	-0.268111695826875	0.797294964440026
0.936194610769758	0.40479867810168	0.570539397746882	-0.269873451036679	0.800891904457693
0.942477796076938	0.409842067039698	0.566700386584464	-0.271182003683383	0.804464634226395
0.948760981384117	0.414907828498201	0.562887500414518	-0.272022180488797	0.808013326267141
0.955044166691297	0.419995811941385	0.559097975933605	-0.272379545474638	0.811538136107201
0.961327351998477	0.42510586775536	0.55532893815533	-0.272240433951932	0.815039201557018
0.967610537305656	0.430237847134676	0.551577407462061	-0.27159198476503	0.818516642030486
0.973893722612836	0.435391601964713	0.547840306945401	-0.270422170703929	0.821970557910448
0.980176907920015	0.440566984700237	0.544114470017156	-0.268719827003395	0.825401029961165
0.986460093227195	0.445763848240414	0.540396648271777	-0.266474677852314	0.828808118789427
0.992743278534375	0.450982045800593	0.536683519580505	-0.263677360841974	0.832191864355784
0.999026463841554	0.456221430781185	0.532971696396829	-0.260319449287323	0.835552285537318
1.00530964914873	0.461481856633949	0.529257734252199	-0.256393472360867	0.838889379743211
1.01159283445591	0.466763176726045	0.525538140420409	-0.251892932984639	0.842203122584224
1.01787601976309	0.472065244202173	0.521809382728564	-0.246812323431575	0.845493467597102
1.02415920507027	0.477387911845157	0.518067898492091	-0.241147138593685	0.848760346024729
1.03044239037745	0.482731031935327	0.514310103550893	-0.234893886880599	0.85200366665276
1.03672557568463	0.488094456109052	0.510532401383413	-0.228050098718352	0.855223315703285
1.04300876099181	0.493478035216783	0.506731192275131	-0.220614332624637	0.858419156785942
1.04929194629899	0.498881619180976	0.502902882517834	-0.212586178843232	0.861591030906741
1.05557513160617	0.504305056854245	0.499043893615842	-0.203966260526755	0.864738756534736
1.06185831691335	0.509748195878121	0.495150671475365	-0.194756232463518	0.867862129726481
1.06814150222053	0.51521088254277	0.491219695553123	-0.184958777350728	0.870960924308131
1.07442468752771	0.520692961648041	0.487247487940448	-0.174577599622908	0.874034892114818
1.08070787283489	0.526194276366188	0.483230622359235	-0.163617416850896	0.87708376328685
1.08699105814207	0.531714668106641	0.479165733046292	-0.152083948733332	0.880107246622087
1.09327424344925	0.537253976383155	0.475049523502899	-0.139983903708956	0.883105029983734
1.09955742875643	0.542812038683701	0.47087877508674	-0.127324963224405	0.886076780762626
1.10584061406361	0.548388690343425	0.466650355423722	-0.114115763698553	0.889022146392935
1.11212379937079	0.553983764421013	0.462361226617691	-0.1003658762305	0.891940754920116
1.11840698467797	0.55959709157879	0.458008453236527	-0.0860857841044713	0.89483221561974
1.12469016998515	0.565228499966853	0.4535892100537	-0.0712868581507198	0.897696119665751
1.13097335529233	0.570877815111566	0.449100789524977	-0.0559813300272923	0.900532040846535
1.13725654059951	0.576544859808693	0.44454060898068	-0.0401822634931028	0.903339536327096
1.14353972590668	0.582229454021456	0.439906217514599	-0.0239035237480929	0.906118147455468
1.14982291121386	0.587931414783804	0.435195302551489	-0.00715974492143969	0.908867400611413
1.15610609652104	0.593650556109137	0.430405696075892	0.0100337042062729	0.911586808095334
1.16238928182822	0.599386688904731	0.425535380505943	0.0276607561563426	0.914275869055212
1.1686724671354	0.605139620892108	0.420582494196714	0.045704682285626	0.916934070449295
1.17495565244258	0.61090915653356	0.415545336558658	0.0641481318013982	0.919560888042164
1.18123883774976	0.616695096965023	0.410422372777723	0.0829731721542138	0.922155787431717
1.18752202305694	0.622497239935504	0.405212238124733	0.102161330702068	0.924718225104517
1.19380520836412	0.628315379753212	0.399913741842761	0.121693637535724	0.927247649516913
1.2000883936713	0.634149307238564	0.394525870602303	0.141550669352132	0.929743502199212
1.20637157897848	0.639998809684191	0.389047791515205	0.161712594260189	0.932205218880202
1.21265476428566	0.645863670822058	0.383478854699508	0.182159217400611	0.934632230629181
1.21893794959284	0.651743670797824	0.377818595388502	0.202870027259802	0.937023965012696
1.22522113490002	0.657638586152492	0.372066735578536	0.223824242555759	0.939379847263068
1.2315043202072	0.663548189811444	0.36622318521135	0.245000859572812	0.941699301455822
1.23778750551438	0.669472251080881	0.360288042887898	0.266378699820891	0.943981751693069
1.24407069082156	0.675410535651724	0.354261596111908	0.287936457894434	0.9462266232899
1.25035387612874	0.681362805610954	0.348144321062663	0.309652749405653	0.948433343960828
1.25663706143592	0.687328819460418	0.341936881897718	0.331506158867012	0.950601345003329
1.2629202467431	0.693308332143043	0.335640129587522	0.35347528739806	0.952730062475527
1.26920343205028	0.699301095076417	0.329255100285173	0.375538800132596	0.954818938365092
1.27548661735746	0.705306856193701	0.322783013235728	0.397675473203157	0.956867421746451
1.28176980266464	0.711325359991745	0.31622526823072	0.419864240181313	0.958874969923429
1.28805298797182	0.717356347586341	0.309583442614748	0.442084237853984	0.960841049554484
1.29433617327899	0.723399556774489	0.30285928785216	0.464314851218118	0.962765137757745
1.30061935858617	0.729454722103521	0.29605472566302	0.486535757578517	0.964646723193125
1.30690254389335	0.735521574946959	0.289171843738672	0.508726969636297	0.966485307118826
1.31318572920053	0.741599843586914	0.282212891048336	0.530868877458628	0.968280404419635
1.31946891450771	0.74768925330286	0.275180272749184	0.552942289223669	0.970031544604474
1.32575209981489	0.753789526466565	0.268076544713454	0.574928470638323	0.971738272770761
1.33203528512207	0.759900382642973	0.260904407687081	0.596809182930401	0.973400150533221
1.33831847042925	0.766021538696806	0.253666701095315	0.618566719320912	0.975016756914872
1.34460165573643	0.772152708904636	0.246366396511711	0.64018393988675	0.976587689198029
1.35088484104361	0.778293605072182	0.239006590807698	0.661644304728697	0.978112563733256
1.35716802635079	0.784443936656537	0.231590499000798	0.682931905364616	0.979591016704323
1.36345121165797	0.790603410893076	0.224121446820284	0.704031494272846	0.981022704847324
1.36973439696515	0.796771732926718	0.216602863009818	0.724928512516175	0.982407306122251
1.37601758227233	0.802948605947267	0.20903827138723	0.745609115382268	0.983744520335431
1.38230076757951	0.809133731328495	0.201431282682216	0.76606019598213	0.985034069711361
1.38858395288669	0.815326808770664	0.193785586173279	0.786269406754034	0.986275699412618
1.39486713819387	0.821527536446144	0.186104941145702	0.806225178826269	0.987469178006647
1.40115032350105	0.827735611147793	0.178393168192784	0.825916739198205	0.988614297878379
1.40743350880823	0.833950728439762	0.170654140382909	0.845334125705292	0.989710875587749
1.41371669411541	0.840172582810365	0.162891774315332	0.8644681997399	0.990758752171364
1.41999987942259	0.846400867826673	0.155110021087803	0.883310656706155	0.99175779338768
1.42628306472977	0.852635276290467	0.147312857199292	0.901854034193368	0.992707889905206
1.43256625003695	0.858875500395192	0.139504275411223	0.920091717858915	0.993608957433417
1.43884943534413	0.865121231883554	0.131688275590657	0.938017945017845	0.994460936796163
1.4451326206513	0.871372162205404	0.123868855558814	0.955627805942855	0.995263793947562
1.45141580595848	0.877627982675529	0.116050001968289	0.972917242884523	0.996017519930458
1.45769899126566	0.883888384631012	0.108235681232132	0.989883046828021	0.996722130777722
1.46398217657284	0.890153059587789	0.100429830527766	1.00652285200864	0.997377667356774
1.47026536188002	0.896421699396057	0.0926363488984521	1.02283512821461	0.997984195157878
1.4765485471872	0.902693996394166	0.0848590884746646	1.03881917091162	0.998541804026886
1.48283173249438	0.908969643560674	0.0771018458373585	1.0544750892294	0.999050607843272
1.48911491780156	0.915248334664198	0.0693683535446524	1.06980379185634	0.999510744144385
1.49539810310874	0.921529764410741	0.0616622718429619	1.08480697089367	0.999922373697044
1.50168128841592	0.927813628588172	0.0539871805830317	1.0994870837263	1.00028568001768
1.5079644737231	0.93409962420752	0.0463465713607199	1.11384733297234	1.00060086884238
1.51424765903028	0.940387449640798	0.0387438399017112	1.12789164457843	1.00086816754831
1.52053084433746	0.946676804755029	0.0311822787086303	1.141624644133	1.00108782452811
1.52681402964464	0.952967391042214	0.0236650699882532	1.15505163147363	1.00126010851894
1.53309721495182	0.959258911744932	0.0161952788757155	1.16817855366956	1.00138530788804
1.539380400259	0.96555107197733	0.00877584697176624	1.18101197646386	1.00146372987664
1.54566358556618	0.971843578841227	0.00140958620822532	1.19355905426422	1.00149569980437
1.55194677087336	0.978136141537113	-0.00590082694411548	1.20582749877413	1.00148156023614
1.55822995618054	0.984428471469784	-0.0131528569118831	1.21782554635996	1.00142167011371
1.56451314148772	0.990720282348437	-0.0203441140875074	1.22956192425227	1.00131640385431
1.5707963267949	0.997011290280984	-0.0274723595183454	1.24104581568203	1.00116615041858
1.57707951210208	1.00330121386243	-0.0345355092063158	1.25228682405529	1.00097131235025
1.58336269740926	1.00958977425714	-0.0415316380088884	1.26329493627138	1.00073230479009
1.58964588271644	1.01587669527482	-0.0484589831333621	1.27408048529166	1.00044955446656
1.59592906802361	1.0221617034401	-0.0553159472174613	1.28465411206733	1.00012349866588
1.60221225333079	1.02844452805558	-0.0621011009903959	1.29502672693562	0.999754584184
1.60849543863797	1.03472490125829	-0.0688131855096481	1.30520947059475	0.999343266263186
1.61477862394515	1.04100255806931	-0.075451113969899	1.31521367476816	0.998890007515935
1.62106180925233	1.04727723643674	-0.0820139730816201	1.32505082266901	0.998395276838834
1.62734499455951	1.05354867727173	-0.0885010240179877	1.33473250937547	0.997859548319126
1.63362817986669	1.05981662447761	-0.0949117029299356	1.34427040222684	0.997283300136692
1.63991136517387	1.06608082497221	-0.101245621030256	1.35367620134996	0.996667013464138
1.64619455048105	1.07234102870316	-0.107502564248784	1.36296160042395	0.996011171367708
1.65247773578823	1.07859698865639	-0.113682492461809	1.37213824779	0.995316257711708
1.65876092109541	1.08484846085767	-0.119785538299938	1.38121770801148	0.99458275606909
1.66504410640259	1.09109520436741	-0.125812005539702	1.39021142398701	0.993811148640842
1.67132729170977	1.09733698126865	-0.131762367085248	1.39913067971765	0.993001915186777
1.67761047701695	1.10357355664845	-0.137637262547495	1.40798656382607	0.992155531970264
1.68389366232413	1.10980469857257	-0.143437495429088	1.41678993392334	0.991272470719424
1.69017684763131	1.11603017805383	-0.149164029924515	1.42555138191542	0.990353197607218
1.69646003293849	1.12224976901402	-0.154817987345632	1.43428120033862	0.989398172252827
1.70274321824567	1.12846324823966	-0.160400642183769	1.44298934980932	0.988407846746641
1.70902640355285	1.13467039533167	-0.165913417820462	1.45168542766979	0.987382664701096
1.71530958886003	1.14087099264925	-0.17135788189966	1.46037863790787	0.986323060329534
1.72159277416721	1.14706482524795	-0.176735741375075	1.46907776242423	0.98522945755517
1.72787595947439	1.15325168081234	-0.182048837247045	1.47779113371646	0.984102269152158
1.73415914478157	1.1594313495833	-0.187299139004038	1.48652660904498	0.982941895920662
1.74044233008875	1.16560362428036	-0.192488738784518	1.49529154614088	0.981748725897743
1.74672551539592	1.17176830001906	-0.197619845275561	1.50409278051132	0.980523133605759
1.7530087007031	1.1779251742238	-0.202694777365113	1.51293660439304	0.979265479339886
1.75929188601028	1.18407404653633	-0.207715957565349	1.52182874739959	0.97797610849625
1.76557507131746	1.19021471872011	-0.212685905225003	1.53077435890302	0.97665535094206
1.77185825662464	1.19634699456088	-0.217607229548976	1.53977799218529	0.975303520428993
1.77814144193182	1.20247067976368	-0.222482622443886	1.54884359038978	0.973920914051008
1.784424627239	1.20858558184663	-0.227314851208509	1.55797447429795	0.972507811747597
1.79070781254618	1.21469151003164	-0.232106751088336	1.56717333195089	0.971064475853409
1.79699099785336	1.22078827513256	-0.236861217713641	1.57644221013026	0.969591150695032
1.80327418316054	1.22687568944087	-0.241581199440645	1.58578250770802	0.968088062235595
1.80955736846772	1.23295356660931	-0.246269689615386	1.59519497086879	0.96655541776775
1.8158405537749	1.23902172153374	-0.250929718780028	1.60467969020391	0.964993405655455
1.82212373908208	1.24507997023351	-0.25556434684124	1.6142360996707	0.963402195124852
1.82840692438926	1.2511281297307	-0.2601766552203	1.62386297740565	0.961781936104418
1.83469010969644	1.2571660179285	-0.264769739004379	1.63355844837521	0.960132759114454
1.84097329500362	1.26319345348902	-0.269346699118357	1.64331998884273	0.958454775205821
1.8472564803108	1.26921025571091	-0.273910634536285	1.65314443262567	0.956748075947761
1.85353966561798	1.27521624440707	-0.278464634551321	1.66302797911219	0.955012733464472
1.85982285092516	1.28121123978268	-0.283011771122706	1.67296620300194	0.953248800520021
1.86610603623234	1.28719506231395	-0.287555091317923	1.68295406573118	0.951456310651059
1.87238922153952	1.29316753262787	-0.29209760986786	1.69298592853858	0.949635278346667
1.8786724068467	1.29912847138321	-0.296642301852272	1.70305556712329	0.947785699274591
1.88495559215388	1.30507769915308	-0.301192095532416	1.71315618784378	0.945907550552969
1.89123877746106	1.31101503630938	-0.305749865347167	1.72328044540148	0.944000791066602
1.89752196276823	1.3169403029093	-0.310318425088388	1.73342046195022	0.942065361826659
1.90380514807541	1.3228533185843	-0.314900521270709	1.74356784756893	0.940101186372674
1.91008833338259	1.32875390243168	-0.319498826710243	1.75371372203207	0.938108171215547
1.91637151868977	1.33464187290908	-0.324115934326122	1.76384873780919	0.936086206320198
1.92265470399695	1.34051704773216	-0.32875435117801	1.77396310422251	0.934035165626431
1.92893788930413	1.3463792437756	-0.333416492752063	1.78404661268897	0.931954907606494
1.93522107461131	1.35222827697782	-0.338104677507044	1.79408866297072	0.92984527585772
1.94150425991849	1.35806396224939	-0.342821121691533	1.80407829035643	0.927706099728601
1.94778744522567	1.36388611338563	-0.347567934442397	1.8140041936938	0.925537194976535
1.95407063053285	1.3696945429833	-0.352347113173868	1.8238547641921	0.923338364455476
1.96035381584003	1.37548906236182	-0.357160539265757	1.83361811491256	0.921109398831606
1.96663700114721	1.38126948148892	-0.362009974058521	1.84328211086314	0.918850077325151
1.97292018645439	1.38703560891123	-0.366897055162006	1.85283439961364	0.916560168476367
1.97920337176157	1.39278725168953	-0.371823293083904	1.86226244234637	0.91423943093373
1.98548655706875	1.3985242153392	-0.37679006818303	1.87155354525754	0.911887614262279
1.99176974237593	1.40424630377573	-0.381798627951739	1.88069489122423	0.90950445977008
1.99805292768311	1.40995331926543	-0.386850084630869	1.88967357165212	0.907089701350717
2.00433611299029	1.41564506238159	-0.391945413159789	1.8984766184196	0.904643066339717
2.01061929829747	1.42132133196594	-0.397085449463237	1.90709103583424	0.902164276382805
2.01690248360465	1.4269819250957	-0.402270889075806	1.91550383251896	0.899653048313848
2.02318566891183	1.4326266370561	-0.407502286104077	1.92370205314566	0.897109095040399
2.02946885421901	1.43825526131849	-0.412780052525559	1.93167280993599	0.894532126434685
2.03575203952619	1.44386758952414	-0.418104457822795	1.93940331384996	0.891921850227962
2.04203522483337	1.44946341147352	-0.423475628950171	1.94688090538498	0.88927797290611
2.04831841014055	1.45504251512134	-0.428893550630166	1.95409308490983	0.886600200604408
2.05460159544772	1.46060468657716	-0.434358065975026	1.96102754245994	0.883888239999416
2.0608847807549	1.46614971011153	-0.439868877429086	1.96767218692281	0.88114179919595
2.06716796606208	1.47167736816777	-0.445425548026227	1.9740151745446	0.87836058860713
2.07345115136926	1.47718744137921	-0.451027502956236	1.9800449366916	0.875544321825568
2.07973433667644	1.48267970859188	-0.456674031433205	1.98575020680292	0.87269271648375
2.08601752198362	1.48815394689254	-0.462364288858363	1.99112004647364	0.869805495101757
2.0923007072908	1.49360993164205	-0.468097299269198	1.99614387061055	0.866882385920485
2.09858389259798	1.49904743651386	-0.473871958066056	2.00081147160573	0.86392312371861
2.10486707790516	1.50446623353762	-0.479687035006866	2.00511304247639	0.860927450611565
2.11115026321234	1.50986609314776	-0.48554117746011	2.00903919892278	0.857895116830891
2.11743344851952	1.51524678423683	-0.491432913905611	2.01258100025904	0.854825881482355
2.1237166338267	1.52060807421363	-0.497360657672302	2.01572996917577	0.851719513281337
2.12999981913388	1.52594972906579	-0.503322710901619	2.01847811029616	0.848575791264001
2.13628300444106	1.53127151342683	-0.509317268724846	2.02081792749139	0.845394505472894
2.14256618974824	1.53657319064736	-0.515342423642291	2.0227424399244	0.842175457615659
2.14884937505542	1.54185452287041	-0.521396170091887	2.02424519679493	0.838918461695622
2.1551325603626	1.54711527111054	-0.527476409194507	2.02532029076234	0.835623344613121
2.16141574566978	1.55235519533674	-0.533580953662991	2.02596237002627	0.832289946736493
2.16769893097696	1.55757405455872	-0.5397075328617	2.02616664904902	0.828918122441741
2.17398211628414	1.56277160691656	-0.545853798003191	2.02592891790715	0.825507740619964
2.18026530159132	1.5679476097734	-0.552017327468473	2.02524555026339	0.822058685151756
2.1865484868985	1.57310181981104	-0.558195632237151	2.02411350995356	0.818570855347804
2.19283167220568	1.57823399312819	-0.564386161413765	2.02253035618688	0.815044166355078
2.19911485751286	1.58334388534111	-0.570586307836468	2.02049424736136	0.811478549528018
2.20539804282003	1.58843125168659	-0.576793413754288	2.01800394349971	0.807873952764262
2.21168122812721	1.5934958471268	-0.583004776559164	2.01505880731427	0.804230340804528
2.21796441343439	1.59853742645599	-0.589217654559052	2.01165880391315	0.800547695496337
2.22424759874157	1.60355574440869	-0.595429272778455	2.00780449916269	0.796826016021375
2.23053078404875	1.60855055576927	-0.601636828772873	2.00349705672467	0.793065319086357
2.23681396935593	1.61352161548252	-0.607837498443819	1.99873823378977	0.789265639077343
2.24309715466311	1.61846867876518	-0.614028441841224	1.99353037553167	0.785427028177564
2.24938033997029	1.62339150121796	-0.620206808940282	1.987876408309	0.781549556448845
2.25566352527747	1.6282898389381	-0.626369745380011	1.98177983164518	0.777633311876863
2.26194671058465	1.633163448632	-0.632514398151106	1.9752447090187	0.773678400380491
2.26822989589183	1.63801208772788	-0.638637921220909	1.9682756574989	0.769684945785597
2.27451308119901	1.64283551448804	-0.644737481083699	1.96087783626474	0.765653089763726
2.28079626650619	1.64763348812078	-0.650810262224797	1.95305693404609	0.761582991736185
2.28707945181337	1.65240576889149	-0.6568534724874	1.94481915552932	0.757474828744082
2.29336263712055	1.6571521182329	-0.662864348331402	1.9361712067708	0.753328795284985
2.29964582242773	1.66187229885411	-0.668840159973882	1.92712027966381	0.749145103116904
2.30592900773491	1.66656607484839	-0.674778216401399	1.91767403550584	0.744923981030372
2.31221219304209	1.67123321179938	-0.680675870244623	1.90784058771501	0.740665674589461
2.31849537834927	1.67587347688559	-0.686530522506334	1.89762848374533	0.736370445842626
2.32477856365645	1.68048663898299	-0.692339627134268	1.88704668625219	0.732038573004324
2.33106174896363	1.68507246876551	-0.6981006954308	1.87610455355997	0.727670350108408
2.33734493427081	1.68963073880327	-0.703811300291917	1.86481181948512	0.723266086634355
2.34362811957799	1.6941612236584	-0.709469080268488	1.85317857256829	0.718826107107401
2.34991130488517	1.69866369997825	-0.715071743443294	1.84121523477006	0.714350750673745
2.35619449019234	1.70313794658583	-0.720617071117867	1.82893253968509	0.709840370651985
2.36247767549952	1.70758374456743	-0.726102921303662	1.81634151032986	0.705295334061993
2.3687608608067	1.71200087735715	-0.731527232012641	1.80345343655931	0.700716021132495
2.37504404611388	1.71638913081829	-0.736888024342889	1.79027985216767	0.69610282478861
2.38132723142106	1.72074829332149	-0.742183405355394	1.77683251172881	0.691456150120652
2.38761041672824	1.72507815581942	-0.747411570738673	1.76312336723093	0.686776413835532
2.39389360203542	1.72937851191803	-0.752570807258458	1.74916454456026	0.68206404369208
2.4001767873426	1.73364915794413	-0.757659494990188	1.7349683198876	0.677319477921667
2.40645997264978	1.73788989300943	-0.762676109332553	1.7205470960114	0.67254316463548
2.41274315795696	1.7421005190706	-0.767619222800909	1.70591337870971	0.667735561219839
2.41902634326414	1.74628084098573	-0.772487506599833	1.69107975315283	0.662897133720937
2.42530952857132	1.75043066656672	-0.777279731974655	1.67605886042746	0.658028356220399
2.4315927138785	1.75454980662781	-0.781994771342244	1.66086337422185	0.653129710203037
2.43787589918568	1.75863807503007	-0.786631599201856	1.64550597772044	0.648201683918198
2.44415908449286	1.76269528872191	-0.791189292827312	1.62999934075515	0.643244771736063
2.45044226980004	1.7667212677755	-0.795667032742221	1.61435609725893	0.638259473500305
2.45672545510722	1.77071583541911	-0.800064102980458	1.59858882306592	0.633246293878405
2.4630086404144	1.77467881806538	-0.804379891134496	1.58271001410082	0.628205741711027
2.46929182572158	1.77861004533549	-0.808613888194648	1.56673206499862	0.623138329361732
2.47557501102876	1.78250935007927	-0.812765688182673	1.55066724819395	0.618044572068355
2.48185819633594	1.78637656839124	-0.816834987583586	1.53452769351767	0.612924987297321
2.48814138164312	1.79021153962254	-0.820821584579908	1.51832536833654	0.60778009410215
2.4944245669503	1.79401410638899	-0.824725378092917	1.50207205826974	0.602610412487388
2.50070775225748	1.79778411457498	-0.82854636663585	1.48577934851431	0.597416462779152
2.50699093756465	1.80152141333362	-0.832284646984276	1.46945860580955	0.592198765003455
2.51327412287183	1.80522585508287	-0.835940412669215	1.45312096106839	0.586957838273452
2.51955730817901	1.80889729549796	-0.839513952298827	1.43677729270179	0.581694200186691
2.52584049348619	1.81253559349992	-0.843005647714781	1.42043821066016	0.576408366233431
2.53212367879337	1.81614061124059	-0.846415971989668	1.40411404121375	0.571100849217049
2.53840686410055	1.81971221408392	-0.849745487272021	1.38781481249199	0.565772158687513
2.54469004940773	1.82325027058377	-0.852994842485755	1.37155024079948	0.560422800388854
2.55097323471491	1.82675465245834	-0.856164770890995	1.35532971772453	0.555053275721528
2.55725642002209	1.83022523456117	-0.859256087513452	1.33916229805391	0.549664081220533
2.56353960532927	1.83366189484905	-0.86226968644964	1.32305668850554	0.544255708050056
2.56982279063645	1.83706451434666	-0.865206538055378	1.30702123728873	0.538828641515433
2.57610597594363	1.84043297710832	-0.868067686025109	1.29106392449971	0.53338336059312
2.58238916125081	1.84376717017675	-0.870854244369683	1.27519235335802	0.527920337479331
2.58867234655799	1.84706698353917	-0.873567394300307	1.25941374228759	0.522440037157974
2.59495553186517	1.85033231008061	-0.876208381026427	1.24373491784429	0.516942916988434
2.60123871717235	1.8535630455348	-0.87877851047534	1.2281623084899	0.511429426313728
2.60752190247953	1.8567590884326	-0.881279145941362	1.21270193921067	0.505900006089491
2.61380508778671	1.85992034004822	-0.88371170467236	1.19735942697669	0.500355088534228
2.62008827309389	1.86304670434327	-0.886077654401448	1.18213997703681	0.494795096801178
2.62637145840107	1.86613808790881	-0.888378509831635	1.16704838004194	0.48922044467213
2.63265464370825	1.86919439990557	-0.890615829081109	1.15208900998804	0.483631536273448
2.63893782901543	1.87221555200249	-0.892791210096837	1.1372658229685	0.478028765814544
2.64522101432261	1.87520145831358	-0.89490628704403	1.12258235672424	0.472412517348951
2.65150419962979	1.87815203533346	-0.896962726678972	1.10804173097808	0.466783164558149
2.65778738493696	1.88106720187158	-0.89896222471254	1.09364664853903	0.461141070558215
2.66407057024414	1.88394687898526	-0.900906502171693	1.07939939716038	0.455486587729317
2.67035375555132	1.88679098991175	-0.902797301766006	1.06530185213447	0.449820057568078
2.6766369408585	1.8895994599995	-0.904636384266224	1.0513554796059	0.44414181056272
2.68292012616568	1.8923722166386	-0.906425524901603	1.03756134058356	0.438452166090911
2.68920331147286	1.89510918919073	-0.908166509782699	1.02392009563118	0.432751432340179
2.69548649678004	1.89781030891865	-0.909861132356004	1.01043201021476	0.42703990625069
2.70176968208722	1.90047550891544	-0.911511189896714	0.997096960684785	0.421317873480204
2.7080528673944	1.90310472403352	-0.913118480045651	0.983914440869837	0.415585608390915
2.71433605270158	1.90569789081373	-0.914684797396202	0.97088356925794	0.409843374057911
2.72061923800876	1.90825494741443	-0.916211930136882	0.958003096740887	0.404091422298892
2.72690242331594	1.910775833541	-0.91770165675493	0.945271414896561	0.39832999372481
2.73318560862312	1.91326049037558	-0.919155742806114	0.932686564783454	0.392559317811003
2.7394687939303	1.91570886050739	-0.920575937755678	0.920246246221319	0.38677961298841
2.74575197923748	1.9181208878637	-0.92196397189513	0.907947827531406	0.380991086754398
2.75203516454466	1.92049651764149	-0.923321553339325	0.895788355709488	0.375193935802712
2.75831834985184	1.92283569624006	-0.924650365108061	0.883764567004555	0.369388346172027
2.76460153515902	1.92513837119458	-0.925952062296125	0.871872897875955	0.363574493412565
2.7708847204662	1.92740449111075	-0.927228269335526	0.860109496301621	0.3577525427702
2.77716790577338	1.92963400560071	-0.928480577353333	0.848470233409923	0.351922649387474
2.78345109108056	1.93182686522021	-0.929710541628347	0.836950715407775	0.346084958520895
2.78973427638774	1.93398302140719	-0.930919679149527	0.82554629577765	0.34023960577391
2.79601746169492	1.93610242642199	-0.932109466278872	0.814252087716272	0.334386717344876
2.8023006470021	1.93818503328895	-0.933281336521194	0.803062976788	0.328526410289396
2.80858383230927	1.94023079573994	-0.934436678402949	0.791973633766094	0.322658792796322
2.81486701761645	1.94223966815947	-0.935576833462078	0.780978527635362	0.316783964476727
2.82115020292363	1.94421160553177	-0.936703094350525	0.770071938730061	0.310902016665173
2.82743338823081	1.94614656338975	-0.937816703050877	0.759247971981258	0.305013032732527
2.83371657353799	1.948044497766	-0.938918849208318	0.748500570248328	0.29911708840963
2.83999975884517	1.94990536514578	-0.940010668578853	0.737823527709726	0.293214252121077
2.84628294415235	1.95172912242225	-0.941093241594528	0.727210503288665	0.287304585328382
2.85256612945953	1.95351572685377	-0.942167592046134	0.716655034089923	0.28138814288179
2.85884931476671	1.95526513602349	-0.943234685883655	0.706150548824531	0.275464973379994
2.86513250007389	1.95697730780127	-0.944295430134531	0.695690381199797	0.269535119537019
2.87141568538107	1.9586522003078	-0.945350671939532	0.685267783252623	0.263598618555533
2.87769887068825	1.96028977188123	-0.946401197705908	0.674875938604927	0.25765550250585
2.88398205599543	1.96188998104608	-0.947447732377197	0.664507975620507	0.251705798709882
2.89026524130261	1.96345278648463	-0.948490938818956	0.654156980443537	0.245749530129321
2.89654842660979	1.96497814701077	-0.949531417319409	0.643816009899527	0.239786715757312
2.90283161191697	1.96646602154628	-0.950569705203919	0.633478104240401	0.233817371012907
2.90911479722415	1.96791636909964	-0.951606276561903	0.62313629971606	0.227841508137595
2.91539798253133	1.96932914874731	-0.952641542084754	0.612783640955641	0.221859136593184
2.92168116783851	1.9707043196175	-0.953675849013076	0.60241319314242	0.215870263460372
2.92796435314569	1.97204184087647	-0.954709481191464	0.59201805396712	0.2098748938373
2.93424753845287	1.97334167171733	-0.955742659228845	0.581591365345229	0.203873031237431
2.94053072376005	1.97460377135134	-0.956775540762313	0.571126324884669	0.197864677986102
2.94681390906723	1.97582809900164	-0.957808220822229	0.560616197091028	0.191849835615085
2.95309709437441	1.97701461389957	-0.95884073229624	0.550054324298344	0.185828505254555
2.95938027968159	1.97816327528328	-0.959873046489751	0.53943413731425	0.179800688021835
2.96566346498876	1.97927404239896	-0.960905073780303	0.528749165769064	0.173766385406317
2.97194665029594	1.98034687450428	-0.961936664363156	0.517993048159224	0.167725599649988
2.97822983560312	1.98138173087437	-0.962967609085334	0.507159541576268	0.161678334122997
2.9845130209103	1.98237857081005	-0.963997640365289	0.496242531113272	0.155624593693698
2.99079620621748	1.98333735364837	-0.965026433195233	0.485236038941514	0.149564385092668
2.99707939152466	1.98425803877549	-0.966053606223154	0.474134233050783	0.143497717270165
3.00336257683184	1.98514058564167	-0.967078722911473	0.462931435647585	0.13742460174655
3.00964576213902	1.98598495377854	-0.968101292769179	0.451622131206144	0.131345052955192
3.0159289474462	1.98679110281844	-0.969120772654319	0.440200974167854	0.125259088577415
3.02221213275338	1.98755899251589	-0.970136568143597	0.428662796285479	0.119166729869044
3.02849531806056	1.988288582771	-0.971148034965867	0.417002613609121	0.113068001978143
3.03477850336774	1.98897983365494	-0.972154480496206	0.405215633111582	0.106962934253558
3.04106168867492	1.98963270543727	-0.973155165307306	0.393297258951367	0.100851560543884
3.0473448739821	1.99024715861512	-0.974149304774833	0.381243098372264	0.0947339194865232
3.05362805928928	1.99082315394415	-0.975136070733448	0.369048967238908	0.0886100547864828
3.05991124459646	1.99136065247128	-0.976114593180142	0.356710895208396	0.0824800154846289
3.06619442990364	1.99185961556897	-0.97708396202156	0.3442251305385	0.0763438562150884
3.07247761521082	1.99232000497121	-0.97804322886198	0.331588144533604	0.070201637451554
3.078760800518	1.99274178281089	-0.978991408828623	0.318796635629905	0.0640534257422217
3.08504398582518	1.99312491165872	-0.979927482431013	0.305847533121993	0.0578992939331642
3.09132717113236	1.99346935456347	-0.980850397451078	0.29273800053328	0.0517393213799169
3.09761035643954	1.99377507509346	-0.981759070860754	0.279465438633218	0.0455735941470964
3.10389354174672	1.99404203737938	-0.982652390763857	0.266027488104687	0.039402205195902
3.1101767270539	1.9942702061581	-0.983529218359028	0.252422031865206	0.0332252545593405
3.11645991236107	1.9944595468177	-0.984388389920596	0.238647197046095	0.0270428495050614
3.12274309766825	1.99461002544335	-0.98522871879424	0.224701356633964	0.0208551046856983
3.12902628297543	1.99472160886416	-0.98604899740438	0.210583130779281	0.0146621422766364
3.13530946828261	1.99479426470086	-0.986847999270267	0.196291387776951	0.00846409210112827
3.14159265358979	1.99482796141423	-0.987624481027804	0.1818252447243	0.00226109174273444
3.14787583889697	1.99482266835412	-0.988377184454172	0.167184067861846	-0.00394671335495695
3.15415902420415	1.99477835580918	-0.989104838492397	0.152367472602704	-0.0101591698013323
3.16044220951133	1.99469499505699	-0.98980616127305	0.137375323256507	-0.0163761161844657
3.16672539481851	1.9945725584147	-0.990479862130332	0.122207732454011	-0.0225973830095185
3.17300858012569	1.99441101928992	-0.991124643609866	0.106865060278645	-0.0288227926497856
3.17929176543287	1.99421035223199	-0.991739203465561	0.0913479131114749	-0.0350521593103202
3.18557495074005	1.99397053298334	-0.992322236643014	0.0756571421961497	-0.0412852890040612
3.19185813604723	1.99369153853106	-0.992872437246943	0.0597938419304694	-0.0475219795403869
3.19814132135441	1.99337334715837	-0.993388500490243	0.0437593478914331	-0.0537620205259554
3.20442450666159	1.99301593849621	-0.993869124622318	0.0275552346005432	-0.0600051933777438
3.21070769196877	1.99261929357457	-0.994313012834401	0.011183313036347	-0.0662512713481207
3.21699087727595	1.99218339487367	-0.994718875139665	-0.00535437209884416	-0.0725000195618221
3.22327406258313	1.99170822637494	-0.99508543022598	-0.0220555453509958	-0.0787511950646447
3.22955724789031	1.99119377361155	-0.995411407279269	-0.038917703718172	-0.0850045468836986
3.23584043319749	1.99064002371856	-0.995695547775453	-0.0559381200790282	-0.0912598160990155
3.24212361850467	1.99004696548267	-0.99593660723909	-0.0731138468389065	-0.0975167359263073
3.24840680381185	1.98941458939127	-0.996133356966849	-0.090441719786542	-0.103775031810676
3.25468998911903	1.98874288768097	-0.996284585714064	-0.107918362154229	-0.110034421531026
3.26097317442621	1.98803185438543	-0.996389101342658	-0.12554018887452	-0.116294615314959
3.26725635973338	1.98728148538238	-0.996445732428829	-0.143303411026395	-0.122555315963899
3.27353954504056	1.98649177843991	-0.996453329828937	-0.16120404046397	-0.128816218988182
3.27982273034774	1.98566273326178	-0.996410768202128	-0.179237894620796	-0.135077012751856
3.28610591565492	1.98479435153188	-0.99631694748827	-0.197400601482916	-0.141337378626902
3.2923891009621	1.98388663695763	-0.996170794339901	-0.215687604723797	-0.147596991156604
3.29867228626928	1.98293959531237	-0.995971263506896	-0.234094168994394	-0.153855518227761
3.30495547157646	1.9819532344766	-0.995717339172677	-0.252615385361633	-0.160112621251456
3.31123865688364	1.98092756447809	-0.995408036240857	-0.271246176888616	-0.166367955352054
3.31752184219082	1.97986259753076	-0.995042401571245	-0.289981304349982	-0.17262116956414
3.323805027498	1.97875834807233	-0.994619515164246	-0.308815372075846	-0.178871907037048
3.33008821280518	1.9776148328006	-0.99413849129274	-0.327742833917866	-0.185119805246679
3.33637139811236	1.97643207070841	-0.993598479580595	-0.346757999330964	-0.191364496214249
3.34265458341954	1.97521008311727	-0.992998666027025	-0.365855039564402	-0.197605606731661
3.34893776872672	1.97394889370941	-0.992338273976091	-0.385027993955818	-0.203842758593129
3.3552209540339	1.97264852855849	-0.991616565030699	-0.404270776322059	-0.210075568832723
3.36150413934108	1.97130901615875	-0.990832839910488	-0.423577181440527	-0.216303649967482
3.36778732464826	1.96993038745258	-0.989986439253123	-0.442940891614945	-0.222526610245739
3.37407050995544	1.96851267585657	-0.989076744358497	-0.462355483319412	-0.228744053900299
3.38035369526262	1.96705591728594	-0.988103177875475	-0.481814433914695	-0.234955581406119
3.3866368805698	1.96556015017732	-0.987065204430828	-0.501311128430749	-0.241160789742113
3.39292006587698	1.96402541550987	-0.98596233120009	-0.520838866409464	-0.247359272656734
3.39920325118416	1.96245175682477	-0.984794108420121	-0.540390868801726	-0.253550620936956
3.40548643649134	1.96083922024294	-0.983560129843211	-0.559960284912841	-0.259734422680293
3.41176962179852	1.95918785448109	-0.982260033132644	-0.579540199390458	-0.265910263569488
3.4180528071057	1.95749771086603	-0.980893500199664	-0.599123639249116	-0.272077727149503
3.42433599241287	1.95576884334722	-0.979460257481866	-0.618703580925553	-0.278236395106442
3.43061917772005	1.95400130850756	-0.97796007616309	-0.638272957358957	-0.284385847548042
3.43690236302723	1.95219516557245	-0.976392772334927	-0.657824665090323	-0.290525663285357
3.44318554833441	1.95035047641701	-0.974758207100036	-0.677351571375101	-0.296655420115278
3.44946873364159	1.94846730557161	-0.973056286617511	-0.696846521303286	-0.302774695103518
3.45575191894877	1.94654572022552	-0.971286962090562	-0.716302344921195	-0.308883064867704
3.46203510425595	1.94458579022891	-0.969450229696885	-0.735711864349022	-0.314980105860206
3.46831828956313	1.94258758809292	-0.967546130462098	-0.755067900888399	-0.32106539465035
3.47460147487031	1.94055118898809	-0.965574750076692	-0.774363282114079	-0.327138508205667
3.48088466017749	1.93847667074097	-0.963536218657003	-0.793590848943918	-0.333199024171803
3.48716784548467	1.93636411382899	-0.961430710450752	-0.81274346268122	-0.339246521150759
3.49345103079185	1.93421360137356	-0.959258443487754	-0.831814012023612	-0.345280578977111
3.49973421609903	1.93202521913148	-0.957019679176445	-0.850795420032513	-0.351300778991862
3.50601740140621	1.92979905548463	-0.954714721846937	-0.869680651057211	-0.357306704313583
3.51230058671339	1.92753520142792	-0.952343918241341	-0.88846271760768	-0.363297940106535
3.51858377202057	1.92523375055566	-0.949907656952167	-0.907134687170074	-0.369274073845404
3.52486695732775	1.92289479904618	-0.947406367809645	-0.925689688958929	-0.375234695576363
3.53115014263493	1.92051844564485	-0.944840521218863	-0.944120920600047	-0.381179398174116
3.53743332794211	1.91810479164558	-0.942210627447663	-0.962421654738008	-0.387107777594632
3.54371651324929	1.91565394087058	-0.939517235866305	-0.980585245562214	-0.393019433123235
3.54999969855647	1.91316599964878	-0.936760934139912	-0.998605135245452	-0.398913967617792
3.55628288386365	1.91064107679254	-0.933942347374794	-1.01647486028877	-0.40479098774666
3.56256606917083	1.90807928357303	-0.931062137219793	-1.03418805776665	-0.410650104221137
3.56884925447801	1.90548073369409	-0.928121000923799	-1.05173847146629	-0.416490932022132
3.57513243978518	1.90284554326473	-0.925119670350687	-1.06911995791486	-0.422313090620771
3.58141562509236	1.90017383077021	-0.922058910952921	-1.08632649228871	-0.428116204192683
3.58769881039954	1.89746571704184	-0.918939520705147	-1.10335217419821	-0.433899901825719
3.59398199570672	1.89472132522548	-0.915762328999123	-1.12019123334229	-0.43966381772084
3.6002651810139	1.89194078074881	-0.912528195501386	-1.13683803502651	-0.445407591385949
3.60654836632108	1.88912421128737	-0.909238008975091	-1.15328708553852	-0.451130867822427
3.61283155162826	1.8862717467295	-0.905892686067498	-1.16953303737498	-0.456833297704165
3.61911473693544	1.88338351914016	-0.902493170064647	-1.18557069431382	-0.462514537548865
3.62539792224262	1.88045966272368	-0.899040429614755	-1.20139501632599	-0.468174249881425
3.6316811075498	1.87750031378551	-0.895535457421945	-1.21700112432063	-0.473812103389204
3.63796429285698	1.87450561069307	-0.891979268911953	-1.23238430471797	-0.479427773068993
3.64424747816416	1.87147569383565	-0.888372900871474	-1.24754001384406	-0.485020940365519
3.65053066347134	1.86841070558347	-0.88471741006286	-1.26246388214172	-0.490591293301316
3.65681384877852	1.86531079024598	-0.881013871815918	-1.27715171819206	-0.496138526597828
3.6630970340857	1.86217609402943	-0.877263378598586	-1.29159951254101	-0.501662341787591
3.66938021939288	1.8590067649937	-0.873467038568288	-1.30580344132562	-0.50716244731737
3.67566340470006	1.85580295300859	-0.869625974105826	-1.31975986969469	-0.512638558642146
3.68194659000724	1.85256480970953	-0.865741320333665	-1.33346535501874	-0.518090398309834
3.68822977531442	1.84929248845272	-0.861814223620517	-1.34691664988417	-0.523517696036655
3.6945129606216	1.84598614426992	-0.857845840074148	-1.360110704867	-0.528920188773061
3.70079614592878	1.8426459338228	-0.853837334024359	-1.37304467108132	-0.534297620760171
3.70707933123596	1.83927201535699	-0.84978987649811	-1.38571590249808	-0.539649743576645
3.71336251654314	1.83586454865584	-0.845704643688797	-1.39812195802992	-0.544976316175955
3.71964570185032	1.83242369499399	-0.841582815421671	-1.410260603378	-0.550277104914029
3.72592888715749	1.82894961709081	-0.837425573617447	-1.42212981263685	-0.555551883567242
3.73221207246467	1.82544247906373	-0.833234100756161	-1.43372776965379	-0.560800433340758
3.73849525777185	1.8219024463816	-0.829009578343303	-1.4450528691394	-0.566022542867222
3.74477844307903	1.81832968581798	-0.824753185380325	-1.45610371752593	-0.571218008195831
3.75106162838621	1.81472436540467	-0.820466096841599	-1.46687913357093	-0.576386632771808
3.75734481369339	1.81108665438529	-0.816149482159895	-1.47737814870327	-0.581528227406342
3.76362799900057	1.80741672316914	-0.81180450372249	-1.48760000710956	-0.586642610237032
3.76991118430775	1.8037147432853	-0.807432315379993	-1.49754416555868	-0.591729606678932
3.77619436961493	1.79998088733708	-0.803034060969961	-1.50721029296305	-0.596789049366264
3.78247755492211	1.79621532895687	-0.798610872857421	-1.51659826967504	-0.601820778084912
3.78876074022929	1.79241824276146	-0.794163870494348	-1.52570818651768	-0.606824639695798
3.79504392553647	1.78858980430783	-0.789694159000195	-1.53454034354898	-0.611800488049282
3.80132711084365	1.78473019004954	-0.785202827765507	-1.54309524855942	-0.616748183890705
3.80761029615083	1.78083957729371	-0.780690949080694	-1.5513736153029	-0.621667594757236
3.81389348145801	1.7769181441587	-0.776159576791945	-1.5593763614614	-0.6265585948662
3.82017666676519	1.77296606953251	-0.771609744986329	-1.56710460634422	-0.631421064995035
3.82645985207237	1.76898353303197	-0.767042466708033	-1.57455966832305	-0.636254892353099
3.83274303737955	1.76497071496275	-0.762458732707699	-1.58174306200444	-0.641059970445499
3.83902622268673	1.76092779628022	-0.757859510226775	-1.58865649514162	-0.645836198929184
3.84530940799391	1.75685495855132	-0.75324574181878	-1.59530186528823	-0.65058348346151
3.85159259330109	1.75275238391729	-0.748618344209307	-1.60168125619665	-0.655301735541514
3.85787577860827	1.74862025505755	-0.743978207196607	-1.60779693396427	-0.659990872344163
3.86415896391545	1.74445875515453	-0.73932619259449	-1.61365134293132	-0.664650816547813
3.87044214922263	1.74026806785966	-0.734663133219275	-1.61924710133443	-0.669281496155182
3.8767253345298	1.73604837726051	-0.729989831922469	-1.62458699672033	-0.673882844308079
3.88300851983698	1.73179986784907	-0.725307060670767	-1.62967398112475	-0.678454799096223
3.88929170514416	1.72752272449132	-0.720615559674952	-1.63451116602193	-0.682997303360421
3.89557489045134	1.72321713239796	-0.715916036569191	-1.63910181705036	-0.687510304490433
3.90185807575852	1.71888327709651	-0.711209165642159	-1.64344934852123	-0.69199375421785
3.9081412610657	1.71452134440467	-0.706495587121369	-1.64755731771608	-0.696447608404295
3.91442444637288	1.71013152040507	-0.701775906512007	-1.65142941898079	-0.700871826825309
3.92070763168006	1.70571399142137	-0.697050693991508	-1.65506947762345	-0.70526637295025
3.92699081698724	1.70126894399572	-0.692320483861021	-1.6584814436239	-0.709631213718572
3.93327400229442	1.69679656486768	-0.687585774054843	-1.66166938516337	-0.713966319312831
3.9395571876016	1.6922970409546	-0.682847025708834	-1.6646374819829	-0.718271662928804
3.94584037290878	1.68777055933336	-0.678104662788703	-1.66739001857951	-0.722547220543072
3.95212355821596	1.68321730722368	-0.673359071779004	-1.66993137724983	-0.726792970678471
3.95840674352314	1.67863747197283	-0.668610601433598	-1.67226603099079	-0.731008894167769
3.96468992883032	1.67403124104189	-0.663859562588195	-1.67439853626775	-0.735194973915978
3.9709731141375	1.66939880199345	-0.659106228035561	-1.67633352566046	-0.739351194661681
3.97725629944468	1.66474034248087	-0.654350832463838	-1.6780757003979	-0.743477542737777
3.98353948475186	1.66005605023899	-0.649593572458331	-1.67962982279298	-0.747574005832031
3.98982267005904	1.65534611307639	-0.644834606567044	-1.68100070858877	-0.751640572747842
3.99610585536622	1.65061071886912	-0.640074055430099	-1.68219321922797	-0.75567723316562
4.0023890406734	1.64585005555592	-0.635312001973126	-1.6832122540576	-0.759683977405176
4.00867222598058	1.64106431113499	-0.630548491664544	-1.68406274248135	-0.763660796189535
4.01495541128776	1.63625367366215	-0.625783532836611	-1.68474963607194	-0.767607680410553
4.02123859659494	1.63141833125052	-0.621017097069958	-1.68527790065637	-0.771524620896765
4.02752178190211	1.62655847207165	-0.616249119641256	-1.68565250838692	-0.775411608183837
4.03380496720929	1.62167428435809	-0.61147950003352	-1.685878429811	-0.779268632288037
4.04008815251647	1.61676595640732	-0.606708102508491	-1.68596062595308	-0.783095682483096
4.04637133782365	1.61183367658711	-0.60193475674037	-1.68590404042212	-0.786892747080869
4.05265452313083	1.60687763334228	-0.597159258510108	-1.68571359155791	-0.790659813216167
4.05893770843801	1.60189801520273	-0.592381370459347	-1.68539416462987	-0.794396866636132
4.06522089374519	1.5968950107928	-0.587600822902963	-1.68495060410193	-0.798103891494542
4.07150407905237	1.59186880884193	-0.582817314699089	-1.68438770597714	-0.801780870151399
4.07778726435955	1.58681959819654	-0.578030514175362	-1.6837102102355	-0.805427782978162
4.08407044966673	1.58174756783315	-0.573240060110054	-1.68292279337878	-0.809044608168967
4.09035363497391	1.57665290687258	-0.568445562766605	-1.68203006109577	-0.812631321558195
4.09663682028109	1.57153580459536	-0.563646604980007	-1.68103654106141	-0.816187896444686
4.10292000558827	1.56639645045822	-0.55884274329336	-1.67994667588318	-0.819714303422948
4.10920319089545	1.56123503411155	-0.554033509142827	-1.6787648162081	-0.823210510221661
4.11548637620263	1.55605174541794	-0.549218410089109	-1.67749521400312	-0.826676481549764
4.12176956150981	1.55084677447156	-0.544396931093468	-1.67614201602202	-0.830112178950436
4.12805274681699	1.54562031161854	-0.539568535836233	-1.67470925747138	-0.833517560663212
4.13433593212417	1.54037254747812	-0.534732668075619	-1.67320085588802	-0.836892581494521
4.14061911743135	1.5351036729646	-0.529888753044596	-1.67162060524006	-0.840237192696885
4.14690230273853	1.52981387931001	-0.525036198883483	-1.66997217026339	-0.843551341856999
4.15318548804571	1.52450335808753	-0.520174398105835	-1.66825908104513	-0.846834972792927
4.15946867335289	1.5191723012354	-0.515302729095101	-1.66648472786515	-0.850088025460599
4.16575185866007	1.51382090108148	-0.510420557629485	-1.6646523563065	-0.853310435869808
4.17203504396725	1.50844935036831	-0.505527238432349	-1.66276506264496	-0.856502136009868
4.17831822927443	1.50305784227853	-0.500622116745424	-1.66082578952784	-0.859663053785078
4.1846014145816	1.49764657046078	-0.495704529922032	-1.65883732195125	-0.862793112960153
4.19088459988878	1.4922157290558	-0.490773809037491	-1.65680228354502	-0.865892233115706
4.19716778519596	1.48676551272285	-0.485829280513767	-1.65472313317362	-0.868960329613898
4.20345097050314	1.48129611666634	-0.480870267755433	-1.65260216186102	-0.871997313574335
4.20973415581032	1.47580773666247	-0.475896092793918	-1.65044149004693	-0.875003091860275
4.2160173411175	1.47030056908602	-0.470906077937015	-1.64824306518107	-0.877977567075175
4.22230052642468	1.4647748109371	-0.465899547420556	-1.64600865966194	-0.88092063756962
4.22858371173186	1.45923065986784	-0.460875829059153	-1.64373986912527	-0.883832197458621
4.23486689703904	1.45366831420888	-0.455834255892873	-1.64143811108757	-0.886712136649281
4.24115008234622	1.44808797299572	-0.450774167826688	-1.63910462394861	-0.889560340878782
4.2474332676534	1.44248983599477	-0.44569491325955	-1.63674046635676	-0.892376691762639
4.25371645296058	1.43687410372908	-0.440595850699913	-1.63434651694005	-0.895161066853157
4.25999963826776	1.43124097750364	-0.435476350364535	-1.63192347440506	-0.897913339707978
4.26628282357494	1.42559065943025	-0.430335795757406	-1.62947185800529	-0.900633379968626
4.27256600888212	1.41992335245186	-0.425173585225644	-1.62699200837982	-0.903321053448885
4.2788491941893	1.41423926036628	-0.419989133489236	-1.6244840887621	-0.905976222232889
4.28513237949648	1.40853858784935	-0.414781873141509	-1.62194808655855	-0.90859874478272
4.29141556480366	1.40282154047726	-0.409551256117276	-1.61938381529516	-0.911188476055344
4.29769875011084	1.39708832474822	-0.404296755125605	-1.61679091693012	-0.913745267628653
4.30398193541802	1.3913391481033	-0.399017865044234	-1.61416886452954	-0.916268967836402
4.3102651207252	1.38557421894628	-0.393714104272681	-1.61151696530244	-0.918759421911765
4.31654830603238	1.37979374666278	-0.388385016041191	-1.60883436399057	-0.921216472139263
4.32283149133956	1.37399794163816	-0.383030169672675	-1.60612004660791	-0.923639958014779
4.32911467664673	1.36818701527462	-0.377649161794922	-1.60337284452374	-0.926029716413326
4.33539786195391	1.36236118000708	-0.37224161750039	-1.60059143888268	-0.92838558176429
4.34168104726109	1.35652064931795	-0.366807191451016	-1.59777436535403	-0.930707386233771
4.34796423256827	1.35066563775081	-0.361345568925525	-1.5949200192024	-0.932994959913702
4.35424741787545	1.34479636092281	-0.355856466806853	-1.59202666067045	-0.935248131017349
4.36053060318263	1.33891303553584	-0.350339634507367	-1.58909242066423	-0.937466726080827
4.36681378848981	1.33301587938643	-0.344794854829713	-1.58611530673071	-0.939650570170229
4.37309697379699	1.3271051113743	-0.339221944761175	-1.58309320931632	-0.941799487093951
4.37938015910417	1.32118095150962	-0.333620756199611	-1.58002390829497	-0.943913299619801
4.38566334441135	1.31524362091881	-0.32799117660912	-1.57690507975287	-0.945991829696442
4.39194652971853	1.30929334184901	-0.322333129603705	-1.57373430301746	-0.948034898678736
4.39822971502571	1.30333033767111	-0.316646575457381	-1.57050906791645	-0.950042327556521
4.40451290033289	1.29735483288127	-0.310931511539276	-1.56722678225304	-0.952013937186359
4.41079608564007	1.29136705310106	-0.305187972672404	-1.56388477948233	-0.953949548525779
4.41707927094725	1.28536722507606	-0.299416031414993	-1.5604803265736	-0.955848982869529
4.42336245625443	1.27935557667302	-0.293615798263329	-1.55701063204279	-0.957712062087357
4.42964564156161	1.27333233687547	-0.28778742177529	-1.55347285413853	-0.95953860886281
4.43592882686879	1.26729773577789	-0.281931088613857	-1.54986410916526	-0.961328446932558
4.44221201217597	1.26125200457829	-0.276047023510086	-1.546181479926	-0.963081401325747
4.44849519748315	1.2551953755694	-0.270135489145147	-1.54242202426737	-0.964797298602855
4.45477838279033	1.24912808212824	-0.264196785951256	-1.53858278370871	-0.966475967093557
4.46106156809751	1.24305035870432	-0.258231251831415	-1.53466079213732	-0.968117237133089
4.46734475340469	1.23696244080624	-0.252239261798148	-1.53065308455097	-0.969720941296585
4.47362793871187	1.23086456498693	-0.246221227531469	-1.5265567058292	-0.971286914630898
4.47991112401905	1.2247569688274	-0.240177596856615	-1.52236871951426	-0.972814994883394
4.48619430932622	1.21863989091902	-0.234108853142128	-1.51808621658259	-0.974305022727203
4.4924774946334	1.21251357084449	-0.228015514619159	-1.51370632418764	-0.975756841982452
4.49876067994058	1.20637824915736	-0.221898133622931	-1.50922621435461	-0.977170299832969
4.50504386524776	1.20023416736022	-0.215757295757561	-1.50464311260779	-0.978545247037981
4.51132705055494	1.19408156788159	-0.209593618985539	-1.49995430651112	-0.979881538138326
4.51761023586212	1.18792069405156	-0.203407752643397	-1.49515715410264	-0.981179031656714
4.5238934211693	1.18175179007609	-0.197200376385207	-1.49024909220355	-0.982437590291575
4.53017660647648	1.17557510101025	-0.190972199055763	-1.48522764458291	-0.983657081104045
4.53645979178366	1.1693908727302	-0.184723957495443	-1.48009042995889	-0.984837375697655
4.54274297709084	1.16319935190411	-0.178456415278908	-1.47483516981793	-0.985978350390309
4.54902616239802	1.15700078596204	-0.172170361389967	-1.46945969603347	-0.987079886378126
4.5553093477052	1.15079542306477	-0.165866608835066	-1.46396195826592	-0.988141869890768
4.56159253301238	1.14458351207174	-0.159545993198048	-1.45834003112625	-0.989164192337867
4.56787571831956	1.13836530250802	-0.153209371138941	-1.4525921210857	-0.990146750446195
4.57415890362674	1.13214104453055	-0.146857618839698	-1.44671657311476	-0.991089446387239
4.58044208893392	1.1259109888935	-0.140491630399938	-1.44071187703475	-0.991992187894838
4.5867252742411	1.11967538691305	-0.134112316185872	-1.43457667356629	-0.992854888372606
4.59300845954828	1.11343449043137	-0.12772060113574	-1.42830976005899	-0.993677466990833
4.59929164485546	1.10718855178018	-0.121317423025154	-1.42191009588772	-0.994459848772616
4.60557483016264	1.10093782374369	-0.114903730695946	-1.41537680750122	-0.995201964668971
4.61185801546982	1.09468255952117	-0.108480482252133	-1.40870919310951	-0.995903751622715
4.618141200777	1.08842301268914	-0.102048643226778	-1.40190672699729	-0.996565152620915
4.62442438608418	1.08215943716322	-0.0956091847235794	-1.39496906345141	-0.997186116735741
4.63070757139136	1.07589208715984	-0.0891630815371471	-1.3878960402908	-0.997766599153571
4.63699075669853	1.06962121715774	-0.0827113102559559	-1.38068768198881	-0.998306561192233
4.64327394200571	1.06334708185942	-0.0762548473520724	-1.3733442023778	-0.998805970306277
4.64955712731289	1.05706993615263	-0.0697946672618073	-1.36586600692772	-0.99926480008022
4.65584031262007	1.05079003507185	-0.0633317404614859	-1.35825369459027	-0.99968303020971
4.66212349792725	1.04450763376004	-0.0568670315425888	-1.3505080592021	-1.0000606464706
4.66840668323443	1.03822298743052	-0.0504014972905445	-1.34263009044063	-1.00039764067592
4.67468986854161	1.03193635132924	-0.0439360847714806	-1.33462097432771	-1.00069401062084
4.68097305384879	1.02564798069738	-0.0374717294312768	-1.32648209327672	-1.00094976001559
4.68725623915597	1.01935813073442	-0.0310093532112505	-1.31821502568026	-1.00116489840656
4.69353942446315	1.01306705656177	-0.0245498626848032	-1.30982154503606	-1.00133944108554
4.69982260977033	1.00677501318696	-0.0180941472193836	-1.30130361861022	-1.00147340898739
4.70610579507751	1.00048225546857	-0.0116430771680623	-1.29266340563763	-1.00156682857623
4.71238898038469	0.994189038081837	-0.00519750209499298	-1.28390325506045	-1.0016197317204
4.71867216569187	0.987895615485141	0.00124175096097308	-1.27502570280691	-1.00163215555632
4.72495535099905	0.981602241887364	0.00767387918033488	-1.26603346861318	-1.00160414234165
4.73123853630623	0.975309171216194	0.0140981056105096	-1.2569294523927	-1.00153573929788
4.73752172161341	0.969016657087457	0.0205136807628475	-1.24771673015793	-1.0014269984428
4.74380490692059	0.962724952775541	0.0269198841550853	-1.23839854950083	-1.00127797641305
4.75008809222777	0.956434311184945	0.0333160257953416	-1.22897832463912	-1.00108873427713
4.75637127753495	0.950144984823056	0.0397014476038133	-1.21945963103688	-1.00085933733939
4.76265446284213	0.943857225774168	0.0460755247684795	-1.20984619960838	-1.00058985493519
4.76893764814931	0.937571285674817	0.0524376670311933	-1.20014191051567	-1.0002803602178
4.77522083345649	0.931287415690488	0.0587873199006811	-1.19035078657105	-0.999930929937425
4.78150401876367	0.925005866493728	0.065123965789104	-1.18047698625661	-0.999541644212907
4.78778720407084	0.91872688824371	0.0714471250689633	-1.17052479637407	-0.999112586296448
4.79407038937802	0.912450730567305	0.0777563570472757	-1.16049862433886	-0.998643842332014
4.8003535746852	0.906177642541692	0.0840512608541038	-1.1504029901335	-0.998135501107859
4.80663675999238	0.899907872678525	0.0903314762427002	-1.14024251793596	-0.997587653803754
4.81291994529956	0.89364166890972	0.0965966842986641	-1.1300219274398	-0.997000393733464
4.81920313060674	0.887379278574867	0.102846608055711	-1.1197460248834	-0.996373816083065
4.82548631591392	0.881120948410294	0.109081013015821	-1.10941969380655	-0.995708017645694
4.8317695012211	0.874866924539814	0.115299707571746	-1.0990478855533	-0.99500309655333
4.83805268652828	0.868617452467158	0.121502543329995	-1.08863560954072	-0.994259152006241
4.84433587183546	0.862372777070122	0.12768941533269	-1.07818792331384	-0.993476284000711
4.85061905714264	0.85613314259642	0.133860262176837	-1.06770992240759	-0.992654593055696
4.85690224244982	0.849898792661263	0.140015066029773	-1.0572067300373	-0.99179417993906
4.863185427757	0.843669970246651	0.146153852539797	-1.04668348663953	-0.990895145394039
4.86946861306418	0.83744691770239	0.152276690641155	-1.03614533928584	-0.9899575898666
4.87575179837136	0.831229876748806	0.158383692252829	-1.02559743099225	-0.988981613234354
4.88203498367854	0.825019088481168	0.164475011870767	-1.0150448899476	-0.987967314537708
4.88831816898572	0.81881479337578	0.17055084605341	-1.00449281868431	-0.986914791713899
4.8946013542929	0.812617231297749	0.17661143280064	-0.993946283215558	-0.985824141334606
4.90088453960008	0.806426641510364	0.182657050826472	-0.983410302162528	-0.984695458347795
4.90716772490726	0.800243262686105	0.188688018726039	-0.972889835896258	-0.983528835824467
4.91345091021444	0.794067332919221	0.194704694037668	-0.962389775718178	-0.982324364710968
4.91973409552162	0.787899089739831	0.200707472201078	-0.951914933103731	-0.98108213358752
4.9260172808288	0.781738770129541	0.206696785412929	-0.941470029033427	-0.979802228433626
4.93230046613598	0.775586610538498	0.21267310138123	-0.931059683435597	-0.978484732400974
4.93858365144315	0.769442846903852	0.21863692198029	-0.920688404765007	-0.97712972559449
4.94486683675033	0.763307714669561	0.224588781808158	-0.91036057974135	-0.975737284862146
4.95115002205751	0.757181448807494	0.230529246648705	-0.900080463271367	-0.974307483594131
4.95743320736469	0.751064283839762	0.236458911840722	-0.889852168578112	-0.972840391531984
4.96371639267187	0.744956453862215	0.242378400556617	-0.879679657560492	-0.971336074588252
4.96999957797905	0.738858192569036	0.248288361993529	-0.869566731405876	-0.969794594677246
4.97628276328623	0.732769733278365	0.25418946947986	-0.859517021478076	-0.968216009557427
4.98256594859341	0.726691308958879	0.260082418500413	-0.849533980502566	-0.966600372685949
4.98884913390059	0.720623152257232	0.265967924643591	-0.839620874070161	-0.964947733085853
4.99513231920777	0.714565495526309	0.271846721474201	-0.829780772479913	-0.9632581352264
5.00141550451495	0.708518570854169	0.277719558335679	-0.820016542941206	-0.961531618916984
5.00769868982213	0.702482610093632	0.28358719808566	-0.810330842154425	-0.959768219215083
5.01398187512931	0.696457844892375	0.289450414769064	-0.800726109288758	-0.957967966348616
5.02026506043649	0.690444506723491	0.295309991232927	-0.791204559374987	-0.956130885653118
5.02654824574367	0.684442826916384	0.301166716687458	-0.781768177130222	-0.954256997524071
5.03283143105085	0.678453036687916	0.307021384217881	-0.772418711230665	-0.952346317384714
5.03911461635803	0.672475367173711	0.312874788251806	-0.763157669047628	-0.950398855669631
5.04539780166521	0.666510049459507	0.318727721986933	-0.75398631186103	-0.948414617824376
5.05168098697239	0.660557314612466	0.324580974784093	-0.744905650563609	-0.946393604321379
5.05796417227957	0.65461739371232	0.330435329530663	-0.735916441868104	-0.944335810692315
5.06424735758675	0.648690517882278	0.336291559979539	-0.727019185028573	-0.942241227577132
5.07053054289393	0.642776918319557	0.342150428068896	-0.718214119085949	-0.940109840789856
5.07681372820111	0.636876826325457	0.34801268122808	-0.709501220646823	-0.937941631401281
5.08309691350829	0.630990473334862	0.353879049675007	-0.7008802022033	-0.935736575838619
5.08938009881546	0.62511809094505	0.359750243710526	-0.692350511000664	-0.93349464600214
5.09566328412264	0.619259910943734	0.365626951015217	-0.683911328458352	-0.931215809398815
5.10194646942982	0.6134161653362	0.371509833954137	-0.675561570148605	-0.928900029292912
5.108229654737	0.607587086371444	0.377399526895077	-0.667299886335937	-0.926547264873493
5.11451284004418	0.601772906567209	0.383296633545839	-0.659124663079344	-0.924157471438701
5.12079602535136	0.595973858733813	0.389201724316078	-0.651034023897987	-0.921730600596711
5.12707921065854	0.590190175996654	0.395115333709266	-0.643025831999827	-0.919266600483149
5.13336239596572	0.584422091817304	0.401037957750219	-0.635097693071458	-0.916765415994807
5.1396455812729	0.578669840013086	0.406970051453697	-0.627246958626227	-0.914226989039383
5.14592876658008	0.572933654775028	0.412912026339437	-0.619470729906408	-0.911651258800989
5.15221195188726	0.567213770684097	0.418864247999014	-0.611765862334039	-0.90903816202111
5.15849513719444	0.561510422725632	0.424827033719746	-0.604128970503858	-0.906387633294676
5.16477832250162	0.555823846301853	0.430800650170889	-0.596556433710468	-0.903699605380868
5.1710615078088	0.550154277242391	0.436785311157155	-0.589044402000838	-0.900974009528258
5.17734469311598	0.544501951812713	0.442781175444593	-0.581588802741922	-0.898210775813831
5.18362787842316	0.538867106720387	0.448788344663653	-0.574185347692175	-0.895409833495436
5.18991106373034	0.533249979119089	0.454806861294207	-0.566829540564549	-0.892571111377154
5.19619424903752	0.527650806610272	0.460836706737113	-0.559516685067464	-0.889694538187057
5.2024774343447	0.522069827242424	0.466877799476778	-0.552241893409242	-0.886780042966797
5.20876061965188	0.516507279507845	0.472929993339019	-0.545000095250385	-0.883827555472449
5.21504380495906	0.510963402336875	0.478993075848338	-0.537786047087145	-0.880837006585987
5.22132699026624	0.505438435089495	0.485066766688592	-0.530594342048806	-0.877808328736754
5.22761017557342	0.499932617544255	0.491150716270795	-0.523419420090236	-0.87474145633228
5.2338933608806	0.494446189884481	0.497244504411635	-0.516255578560357	-0.871636326197744
5.24017654618777	0.488979392681663	0.503347639126109	-0.509096983126287	-0.868492878023383
5.24645973149495	0.483532466876047	0.509459555537388	-0.501937679032209	-0.865311054819123
5.25274291680213	0.478105653754317	0.515579614906917	-0.49477160267118	-0.862090803375685
5.25902610210931	0.472699194924387	0.521707103787435	-0.487592593447437	-0.858832074731395
5.26530928741649	0.467313332287227	0.52784123330145	-0.480394405906063	-0.855534824643929
5.27159247272367	0.461948308005719	0.533981138547413	-0.473170722106324	-0.852199014066183
5.27787565803085	0.456604364470508	0.540125878135632	-0.465915164214362	-0.848824609625478
5.28415884333803	0.45128174426284	0.546274433855703	-0.458621307290505	-0.845411584105259
5.29044202864521	0.445980690114363	0.552425710477007	-0.451282692245939	-0.841959916928473
5.29672521395239	0.440701444863885	0.558578535683555	-0.44389283894315	-0.838469594641777
5.30300839925957	0.435444251411102	0.564731660144206	-0.436445259414197	-0.834940611399727
5.30929158456675	0.430209352667267	0.570883757719054	-0.428933471170553	-0.831372969448107
5.31557476987393	0.424996991502843	0.577033425802497	-0.421351010578112	-0.827766679605521
5.32185795518111	0.419807410692129	0.583179185803235	-0.413691446270749	-0.824121761742406
5.32814114048829	0.414640852854894	0.589319483761211	-0.405948392575706	-0.820438245256603
5.33442432579547	0.409497560395026	0.595452691101241	-0.398115522924079	-0.816716169544608
5.34070751110265	0.404377775436244	0.60157710552279	-0.390186583219639	-0.812955584467676
5.34699069640983	0.399281739754901	0.607690952025131	-0.38215540513937	-0.809156550811897
5.35327388171701	0.394209694709906	0.613792384066843	-0.37401591933913	-0.805319140741415
5.35955706702419	0.389161881169835	0.619879484858361	-0.365762168538134	-0.801443438243937
5.36584025233137	0.384138539437262	0.625950268786014	-0.357388320456159	-0.797529539567709
5.37212343763855	0.379139909170377	0.632002682965766	-0.348888680577642	-0.793577553649144
5.37840662294573	0.374166229301943	0.638034608924622	-0.340257704717263	-0.789587602530268
5.38468980825291	0.369217737955675	0.644043864407386	-0.33149001136198	-0.785559821765224
5.39097299356009	0.364294672360084	0.650028205306269	-0.322580393764948	-0.781494360815027
5.39725617886726	0.359397268759902	0.655985327710572	-0.313523831767284	-0.777391383429816
5.40353936417444	0.354525762325125	0.661912870073471	-0.304315503324214	-0.773251068017863
5.40982254948162	0.349680387057793	0.667808415492678	-0.294950795712749	-0.769073608000603
5.4161057347888	0.344861375696583	0.673669494101565	-0.285425316398693	-0.764859212152988
5.42238892009598	0.340068959619315	0.679493585567117	-0.275734903541547	-0.760608104928483
5.42867210540316	0.335303368743453	0.685278121690886	-0.26587563611654	-0.756320526768032
5.43495529071034	0.330564831424731	0.691020489108899	-0.255843843633953	-0.751996734392376
5.44123847601752	0.325853574353993	0.696718032086338	-0.245636115436614	-0.747637001077106
5.4475216613247	0.321169822452349	0.702368055402578	-0.235249309557394	-0.743241616909868
5.45380484663188	0.316513798764794	0.707967827322045	-0.224680561119453	-0.738810889029172
5.46008803193906	0.311885724352363	0.713514582646165	-0.213927290262899	-0.734345141844275
5.46637121724624	0.307285818182983	0.719005525841557	-0.20298720958255	-0.729844717235645
5.47265440255342	0.302714297021116	0.724437834239458	-0.191858331062461	-0.725309974735544
5.4789375878606	0.298171375316335	0.729808661301236	-0.180538972493968	-0.720741291688303
5.48522077316778	0.29365726509096	0.735115139944769	-0.169027763365021	-0.716139063389877
5.49150395847496	0.289172175826883	0.740354385926304	-0.157323650209699	-0.711503703206329
5.49778714378214	0.284716314351711	0.74552350127235	-0.145425901407886	-0.706835642670904
5.50407032908932	0.280289884724368	0.750619577756066	-0.133334111426225	-0.702135331559391
5.5103535143965	0.275893088120301	0.755639700412503	-0.121048204492626	-0.697403237943529
5.51663669970368	0.271526122716406	0.76058095108704	-0.108568437697696	-0.692639848222204
5.52291988501086	0.267189183575843	0.765440412011252	-0.0958954035176954	-0.687845667130278
5.52920307031804	0.26288246253285	0.770215169400448	-0.0830300317547402	-0.683021217724861
5.53548625562522	0.258606148077734	0.774902317067039	-0.0699735908911737	-0.678167041348947
5.54176944093239	0.254360425242144	0.779498960043932	-0.0567276888561477	-0.673283697572288
5.54805262623957	0.250145475484794	0.784002218212086	-0.0432942732037311	-0.668371764109504
5.55433581154675	0.245961476577774	0.788409229926394	-0.0296756307029081	-0.663431836715399
5.56061899685393	0.241808602493593	0.792717155634066	-0.0158743863410988	-0.658464529057509
5.56690218216111	0.237687023293082	0.796923181479714	-0.00189350174387426	-0.653470472565957
5.57318536746829	0.233596905014325	0.801024522891368	0.01226372698518	-0.648450316260719
5.57946855277547	0.229538409562738	0.805018428141691	0.0265936719995259	-0.643404726556423
5.58575173808265	0.225511694602445	0.808902181878763	0.0410923770135052	-0.638334387044876
5.59203492338983	0.221516913449096	0.812673108620793	0.0557555611677497	-0.633239998255502
5.59831810869701	0.217554214964252	0.81632857620928	0.0705786234479037	-0.628122277393972
5.60460129400419	0.213623743451483	0.819865999215173	0.0855566476473408	-0.622981958059256
5.61088447931137	0.20972563855431	0.823282842292698	0.100684407863537	-0.61781978993946
5.61716766461855	0.205860035156124	0.826576623475643	0.115956374516777	-0.612636538486746
5.62345084992573	0.202027063282216	0.829744917410969	0.131366720878889	-0.60743298457175
5.62973403523291	0.198226848004033	0.83278535852479	0.146909330098783	-0.602209924117892
5.63601722054009	0.194459509345803	0.835695644115853	0.162577802710703	-0.596968167716007
5.64230040584727	0.190725162193637	0.838473537371834	0.178365464610182	-0.59170854021979
5.64858359115445	0.187023916207232	0.841116870303877	0.194265375481862	-0.586431880322546
5.65486677646163	0.183355875734293	0.843623546594995	0.210270337662697	-0.581139040115758
5.66114996176881	0.179721139727781	0.845991544358095	0.226372905423041	-0.575830884630047
5.66743314707599	0.1761198016661	0.848218918799578	0.242565394647706	-0.570508291359098
5.67371633238317	0.172551949476335	0.850303804784629	0.258839892898196	-0.56517214976716
5.67999951769035	0.169017665460617	0.852244419300514	0.275188269836844	-0.559823360780732
5.68628270299753	0.165517026225749	0.854039063814371	0.291602187992892	-0.554462836265123
5.69256588830471	0.162050102616153	0.855686126522207	0.308073113850135	-0.549091498486517
5.69884907361188	0.158616959650249	0.857184084485978	0.32459232923515	-0.543710279560272
5.70513225891906	0.155217656460335	0.85853150565587	0.341150942984817	-0.53832012088614
5.71141544422624	0.151852246236059	0.859727050775084	0.357739902871333	-0.532921972571156
5.71769862953342	0.148520776171556	0.860769475164649	0.374350007762663	-0.527516792840935
5.7239818148406	0.145223287416314	0.861657630386007	0.390971919996031	-0.522105547440128
5.73026500014778	0.141959815029839	0.86239046577932	0.407596177941863	-0.516689209022828
5.73654818545496	0.138730387940181	0.862967029875686	0.4242132087353	-0.511268756533709
5.74283137076214	0.135535028906379	0.863386471681658	0.440813341152349	-0.505845174580689
5.74911455606932	0.132373754484866	0.863648041834691	0.457386818607613	-0.500419452799919
5.7553977413765	0.12924657499989	0.863751093628364	0.473923812250449	-0.494992585213934
5.76168092668368	0.126153494517986	0.863695083906449	0.490414434136425	-0.489565569583769
5.76796411199086	0.123094510826535	0.863479573825121	0.506848750451022	-0.484139406755865
5.77424729729804	0.120069615416442	0.863104229482828	0.523216794762565	-0.478715100004609
5.78053048260522	0.117078793468953	0.862568822417561	0.539508581281506	-0.473293654371333
5.7868136679124	0.114122023846642	0.861873229971483	0.5557141181034	-0.4678760760006
5.79309685321958	0.111199279088565	0.861017435523104	0.571823420413125	-0.462463371474617
5.79938003852676	0.108310525409605	0.860001528587389	0.587826523628105	-0.457056547146609
5.80566322383394	0.105455722704009	0.85882570478442	0.603713496458724	-0.451656608473973
5.81194640914112	0.102634824553105	0.857490265677412	0.619474453864319	-0.446264559352038
5.8182295944483	0.0998477782372102	0.855995618481146	0.635099569883696	-0.440881401449256
5.82451277975548	0.0970945247517044	0.854342275642005	0.65057909031937	-0.435508133544624
5.83079596506266	0.0943749988272582	0.852530854291085	0.665903345255348	-0.430145750868146
5.83707915036984	0.0916891289541969	0.850562075571971	0.681062761388639	-0.424795244445133
5.84336233567702	0.0890368374109638	0.848436763845015	0.696047874155371	-0.419457600445098
5.8496455209842	0.0864180402966633	0.846155845770097	0.71084933963276	-0.414133799536052
5.85592870629137	0.0838326475676417	0.843720349270052	0.725457946198953	-0.408824816244931
5.86221189159855	0.0812805630780619	0.841131402377115	0.739864625933318	-0.403531618324902
5.86849507690573	0.0787616846244338	0.838390231964891	0.754060465740385	-0.398255166130283
5.87477826221291	0.0762759039940444	0.835498162368525	0.768036718181375	-0.392996411999785
5.88106144752009	0.0738231070172356	0.832456613895914	0.781784811997936	-0.38775629964876
5.88734463282727	0.0714031736234698	0.829267101232916	0.795296362313434	-0.382535763571142
5.89362781813445	0.0690159779011224	0.825931231745698	0.808563180497874	-0.377335728451734
5.89991100344163	0.0666613881609317	0.822450703683443	0.821577283683328	-0.372157108589475
5.90619418874881	0.0643392670030379	0.818827304284814	0.83433090391751	-0.367000807332308
5.91247737405599	0.062049471387533	0.815062907791653	0.846816496943927	-0.36186771652423
5.91876055936317	0.0597918527084454	0.81115947337352	0.859026750597866	-0.356758715965109
5.92504374467035	0.0575662568710796	0.807119042966783	0.87095459280826	-0.351674672883819
5.93132692997753	0.0553725243726196	0.802943739032046	0.882593199196361	-0.346616441425199
5.93761011528471	0.0532104903859131	0.798635762233813	0.893936000262927	-0.341584862151353
5.94389330059189	0.0510799848463423	0.794197389046344	0.904976688156509	-0.336580761557767
5.95017648589907	0.0489808325416892	0.78963096928975	0.91570922301624	-0.331604951604691
5.95645967120625	0.046912853204891	0.784938923600407	0.926127838883424	-0.326658229264198
5.96274285651343	0.0448758616095972	0.780123740839854	0.936227049176994	-0.32174137608335
5.96902604182061	0.0428696676684157	0.775187975446385	0.946001651728812	-0.31685515776381
5.97530922712779	0.0408940765337508	0.770134244733547	0.955446733375594	-0.312000323758281
5.98159241243497	0.0389488887011193	0.764965226139834	0.964557674105104	-0.307177606884055
5.98787559774215	0.0370339001148443	0.75968365443386	0.973330150755032	-0.302387722954002
5.99415878304933	0.0351489022760094	0.754292318879323	0.981760140263867	-0.297631370425239
6.0004419683565	0.0332936823525645	0.748794060364065	0.989843922473802	-0.292909230065727
6.00672515366368	0.0314680232914708	0.743191768497549	0.997578082486562	-0.288221964639012
6.01300833897086	0.0296717039327678	0.737488378681058	1.0049595125738	-0.283570218607288
6.01929152427804	0.0279044991254492	0.731686869154904	1.01198541364449	-0.278954617852945
6.02557470958522	0.0261661798450291	0.725790258026915	1.0186532962724	-0.274375769418731
6.0318578948924	0.0244565133126819	0.719801600286433	1.02496098128775	-0.269834261266628
6.03814108019958	0.0227752631158385	0.713723984808033	1.03090659993737	-0.26533066205553
6.04442426550676	0.0211221893301216	0.707560531349126	1.0364885936189	-0.260865520937766
6.05070745081394	0.0194970486424972	0.70131438754553	1.04170571319491	-0.256439367374494
6.05699063612112	0.0178995944755291	0.694988725909083	1.04655701789359	-0.252052710969973
6.0632738214283	0.0163295771126161	0.688586740831296	1.05104187380314	-0.247706041324679
6.06955700673548	0.0147867438240889	0.682111645596929	1.055159951968	-0.243399827907219
6.07584019204266	0.0132708389940583	0.67556666941138	1.05891122609492	-0.239134519944965
6.08212337734984	0.0117816042478875	0.668955054445635	1.06229596987828	-0.234910546333322
6.08840656265702	0.0103187785801803	0.66228005290247	1.06531475395388	-0.230728315563487
6.0946897479642	0.00888209848316092	0.655544924107486	1.06796844249124	-0.22658821566857
6.10097293327138	0.00747129807533966	0.648752931628503	1.07025818943498	-0.222490614187908
6.10725611857856	0.00608610923034297	0.641907340426699	1.07218543440612	-0.218435858149377
6.11353930388574	0.00472626170579955	0.635011414042784	1.07375189827455	-0.214424274069494
6.11982248919292	0.00339148327217106	0.628068411821436	1.07495957841454	-0.210456167971087
6.1261056745001	0.00208149984141669	0.621081586177048	1.07581074365521	-0.206531825418265
6.13238885980728	0.000796035595384895	0.614054179903777	1.07630792893833	-0.202651511568445
6.13867204511446	-0.000465186886175237	0.60698942353274	1.07645392969629	-0.198815471241122
6.14495523042164	-0.00170244649808658	0.599890532739095	1.07625179596303	-0.195023929003089
6.15123841572882	-0.00291602348280232	0.592760705801614	1.0757048262311	-0.191277089269796
6.15752160103599	-0.00410619930415042	0.585603121117256	1.07481656106844	-0.187575136422488
6.16380478634317	-0.00527325652186481	0.578420934773069	1.07359077650811	-0.183918234940784
6.17008797165035	-0.00641747866699532	0.571217278177691	1.07203147722512	-0.18030652955033
6.17637115695753	-0.00753915011829111	0.563995255754544	1.07014288951369	-0.176740145385136
6.18265434226471	-0.00863855597965236	0.556757942698673	1.06792945407936	-0.173219188164211
6.18893752757189	-0.00971598195873218	0.54950838279913	1.06539581865958	-0.169743744382086
6.19522071287907	-0.0107717142467802	0.542249586328555	1.06254683048696	-0.166313881512806
6.20150389818625	-0.0118060393998076	0.53498452800159	1.05938752860921	-0.162929648226979
6.20778708349343	-0.0128192442211582	0.52771614500353	1.05592313607978	-0.159591074621412
6.21407026880061	-0.0138116156455573	0.520447335090572	1.05215905203312	-0.156298172460931
6.22035345410779	-0.0147834406247206	0.513180954762804	1.0481008436585	-0.153050935431894
6.22663663941497	-0.0157350060145888	0.505919817511037	1.04375423808631	-0.149849339406958
6.23291982472215	-0.0166665984642612	0.498666692138362	1.03912511420025	-0.146693342720629
6.23920301002933	-0.0175785043066936	0.491424301157261	1.03421949438927	-0.143582886455115
6.24548619533651	-0.0184710094512217	0.484195319262927	1.02904353625246	-0.140517894736018
6.25176938064369	-0.019344399277974	0.476982371883337	1.02360352427014	-0.137498275037374
6.25805256595087	-0.0201989585342285	0.469788033806495	1.01790586145414	-0.134523918495557
6.26433575125805	-0.0210349712327681	0.462614827885154	1.01195706099007	-0.131594700231576
6.27061893656523	-0.0218527205522866	0.455465223819183	1.00576373788405	-0.128710479681253
6.27690212187241	-0.0226524887398924	0.448341637015629	0.99933260062617	-0.12587110093282
