0	141.338164625218	146.218649987364	136.620580078886	141.338164625218	141.338164625218
0.016	140.954501842433	145.821739115498	136.249723190531	140.938828390183	140.970177037688
0.032	140.571880513181	145.425905659135	135.879872994078	140.540620438009	140.603147541448
0.048	140.190297810434	145.031146693627	135.511026756859	140.143537580849	140.237073642016
0.064	139.809750914837	144.637459302267	135.143181753625	139.747576639864	139.871952851403
0.08	139.430237014691	144.244840576263	134.776335266525	139.352734445199	139.507782688097
0.096	139.051753305926	143.853287614722	134.410484585083	138.959007835952	139.144560677048
0.112	138.674296992085	143.462797524622	134.045627006182	138.566393660152	138.782284349651
0.128	138.297865284302	143.073367420797	133.681759834044	138.174888774736	138.420951243726
0.144	137.922455401282	142.684994425911	133.318880380207	137.784490045518	138.060558903505
0.16	137.548064569279	142.297675670441	132.956985963507	137.39519434717	137.701104879613
0.176	137.174690022077	141.91140829265	132.596073910059	137.006998563194	137.342586729054
0.192	136.802329000967	141.526189438572	132.236141553235	136.619899585896	136.98500201519
0.208	136.430978754732	141.142016261985	131.877186233647	136.233894316363	136.628348307728
0.224	136.060636539621	140.758885924397	131.519205299124	135.848979664438	136.272623182704
0.24	135.691299619329	140.376795595018	131.162196104697	135.465152548695	135.917824222462
0.256	135.322965264983	139.995742450743	130.806156012573	135.082409896414	135.563949015645
0.272	134.955630755115	139.615723676132	130.451082392123	134.700748643557	135.210995157169
0.288	134.589293375644	139.236736463384	130.096972619858	134.320165734741	134.858960248216
0.304	134.223950419858	138.858778012324	129.743824079408	133.94065812322	134.507841896211
0.32	133.859599188391	138.481845530375	129.391634161508	133.562222770852	134.15763771481
0.336	133.496236989205	138.105936232541	129.040400263975	133.184856648081	133.808345323881
0.352	133.13386113757	137.731047341387	128.690119791689	132.808556733911	133.45996234949
0.368	132.772468956043	137.357176087016	128.340790156575	132.43332001588	133.112486423882
0.384	132.412057774449	136.984319707051	127.992408777583	132.059143490038	132.765915185468
0.4	132.052624929861	136.612475446613	127.64497308067	131.686024160924	132.420246278808
0.416	131.694167766582	136.241640558301	127.298480498779	131.313959041537	132.075477354594
0.432	131.336683636122	135.871812302172	126.952928471823	130.94294515332	131.731606069633
0.448	130.980169897181	135.502987945721	126.608314446664	130.572979526127	131.388630086836
0.464	130.624623915629	135.135164763859	126.264635877091	130.204059198206	131.046547075197
0.48	130.270043064486	134.768340038896	125.921890223811	129.836181216174	130.705354709779
0.496	129.916424723905	134.402511060519	125.580074954418	129.469342634991	130.365050671698
0.512	129.563766281146	134.037675125769	125.239187543385	129.103540517938	130.025632648107
0.528	129.212065130566	133.67382953903	124.899225472036	128.738771936594	129.687098332184
0.544	128.861318673593	133.310971611997	124.560186228535	128.375033970812	129.349445423109
0.56	128.511524318708	132.949098663667	124.222067307864	128.012323708695	129.012671626054
0.576	128.162679481429	132.588208020313	123.884866211805	127.650638246574	128.676774652166
0.592	127.814781584287	132.228297015466	123.54858044892	127.289974688983	128.341752218551
0.608	127.467828056811	131.869362989894	123.213207534535	126.930330148637	128.007602048258
0.624	127.121816335508	131.511403291585	122.878744990721	126.57170174641	127.674321870267
0.64	126.776743863841	131.154415275725	122.545190346274	126.214086611309	127.341909419467
0.656	126.432608092217	130.79839630468	122.212541136701	125.857481880454	127.010362436647
0.672	126.089406477961	130.443343747976	121.880794904195	125.501884699053	126.679678668478
0.688	125.7471364853	130.089254982278	121.549949197623	125.147292220381	126.349855867496
0.704	125.405795585344	129.736127391374	121.220001572505	124.793701605754	126.020891792091
0.72	125.065381256071	129.383958366152	120.890949590998	124.44111002451	125.692784206486
0.736	124.725890982301	129.032745304584	120.562790821875	124.089514653985	125.365530880728
0.752	124.387322255683	128.682485611703	120.235522840507	123.738912679489	125.039129590669
0.768	124.049672574676	128.333176699589	119.909143228851	123.389301294286	124.713578117951
0.784	123.712939444529	127.984815987344	119.583649575424	123.040677699569	124.388874249993
0.8	123.377120377261	127.637400901078	119.25903947529	122.693039104438	124.065015779974
0.816	123.042212891647	127.290928873887	118.935310530042	122.346382725881	123.742000506818
0.832	122.708214513196	126.945397345835	118.612460347784	122.000705788746	123.419826235181
0.848	122.375122774135	126.600803763934	118.29048654311	121.656005525725	123.098490775433
0.864	122.042935213388	126.257145582128	117.969386737092	121.312279177326	122.777991943648
0.88	121.711649376563	125.914420261271	117.649158557258	120.969523991856	122.458327561583
0.896	121.381262815927	125.572625269109	117.329799637577	120.627737225394	122.139495456667
0.912	121.051773090392	125.231758080264	117.01130761844	120.286916141775	121.821493461987
0.928	120.723177765498	124.89181617621	116.693680146644	119.947058012562	121.50431941627
0.944	120.395474413393	124.552797045261	116.376914875373	119.608160117027	121.187971163871
0.96	120.068660612813	124.214698182546	116.061009464181	119.270219742131	120.872446554757
0.976	119.742733949069	123.877517089994	115.745961578976	118.933234182499	120.557743444493
0.992	119.417692014026	123.541251276318	115.431768892003	118.5972007404	120.243859694227
1.008	119.093532406086	123.205898256989	115.118429081822	118.262116725726	119.930793170677
1.024	118.77025273017	122.871455554226	114.805939833299	117.927979455968	119.618541746113
1.04	118.4478505977	122.537920696972	114.494298837582	117.594786256197	119.307103298346
1.056	118.126323626583	122.205291220879	114.183503792085	117.262534459043	118.996475710713
1.072	117.80566944119	121.873564668287	113.873552400477	116.931221404669	118.686656872061
1.088	117.485885672344	121.542738588207	113.564442372655	116.600844440757	118.377644676734
1.104	117.166969957296	121.212810536306	113.256171424736	116.271400922481	118.069437024557
1.12	116.848919939712	120.883778074884	112.948737279036	115.942888212487	117.762031820825
1.136	116.531733269655	120.555638772858	112.642137664052	115.615303680874	117.455426976286
1.152	116.215407603565	120.228390205745	112.336370314451	115.288644705171	117.149620407126
1.168	115.899940604245	119.902029955642	112.031432971044	114.962908670315	116.84461003496
1.184	115.585329940843	119.576555611212	111.727323380778	114.638092968634	116.54039378681
1.2	115.271573288831	119.251964767661	111.424039296716	114.314194999822	116.236969595098
1.216	114.958668329995	118.928255026724	111.121578478018	113.991212170922	115.934335397629
1.232	114.646612752412	118.605423996646	110.81993868993	113.6691418963	115.632489137575
1.248	114.335404250433	118.283469292164	110.519117703761	113.34798159763	115.331428763467
1.264	114.02504052467	117.96238853449	110.219113296872	113.02772870387	115.031152229173
1.28	113.715519281976	117.642179351293	109.919923252657	112.708380651242	114.731657493892
1.296	113.406838235429	117.322839376684	109.621545360525	112.389934883211	114.432942522132
1.312	113.098995104314	117.004366251191	109.323977415889	112.072388850467	114.135005283706
1.328	112.791987614108	116.686757621753	109.027217220143	111.755740010902	113.837843753708
1.344	112.485813496461	116.370011141692	108.731262580652	111.439985829589	113.541455912507
1.36	112.180470489183	116.054124470702	108.436111310731	111.125123778766	113.245839745729
1.376	111.875956336221	115.739095274828	108.141761229632	110.81115133781	112.950993244246
1.392	111.572268787649	115.424921226454	107.848210162525	110.498065993222	112.656914404158
1.408	111.269405599647	115.111600004278	107.555455940485	110.185865238604	112.363601226786
1.424	110.967364534487	114.799129293302	107.263496400475	109.874546574639	112.071051718652
1.44	110.666143360514	114.487506784811	106.972329385328	109.564107509071	111.77926389147
1.456	110.365739852131	114.176730176358	106.681952743734	109.254545556688	111.488235762129
1.472	110.066151789784	113.866797171745	106.392364330222	108.945858239298	111.197965352683
1.488	109.767376959942	113.557705481008	106.103562005144	108.638043085711	110.908450690334
1.504	109.469413155083	113.249452820397	105.815543634661	108.331097631718	110.619689807423
1.52	109.172258173679	112.942036912365	105.528307090728	108.025019420075	110.331680741411
1.536	108.875909820176	112.635455485542	105.241850251074	107.719806000478	110.04442153487
1.552	108.58036590498	112.32970627473	104.956170999191	107.415454929549	109.757910235469
1.568	108.285624244443	112.024787020875	104.671267224313	107.11196377081	109.472144895958
1.584	107.991682660842	111.720695471057	104.387136821407	106.80933009467	109.18712357416
1.6	107.698538982366	111.417429378471	104.103777691153	106.507551478401	108.902844332952
1.616	107.406191043099	111.114986502412	103.82118773993	106.206625506121	108.619305240255
1.632	107.114636683007	110.813364608258	103.539364879799	105.906549768773	108.336504369021
1.648	106.823873747916	110.512561467449	103.25830702849	105.607321864106	108.05443979722
1.664	106.533900089501	110.212574857479	102.978012109384	105.308939396659	107.773109607823
1.68	106.244713565269	109.913402561873	102.6984780515	105.011399977737	107.492511888797
1.696	105.956312038543	109.615042370171	102.419702789478	104.714701225393	107.212644733083
1.712	105.668693378444	109.317492077918	102.141684263566	104.418840764413	106.933506238589
1.728	105.381855459879	109.020749486637	101.864420419601	104.123816226291	106.655094508174
1.744	105.095796163524	108.724812403824	101.587909208998	103.829625249215	106.377407649639
1.76	104.810513375807	108.429678642924	101.312148588731	103.536265478045	106.10044377571
1.776	104.526004988893	108.135346023316	101.037136521321	103.243734564295	105.824201004025
1.792	104.24226890067	107.841812370302	100.76287097482	102.952030166115	105.548677457125
1.808	103.95930301473	107.549075515085	100.489349922795	102.661149948272	105.27387126244
1.824	103.677105240358	107.257133294755	100.216571344314	102.37109158213	104.999780552273
1.84	103.395673492514	106.965983552274	99.9445332239298	102.081852745634	104.726403463791
1.856	103.115005691816	106.675624136458	99.6732335516683	101.793431123286	104.453738139011
1.872	102.835099764528	106.386052901965	99.4026703230102	101.505824406135	104.181782724787
1.888	102.555953642542	106.097267709274	99.1328415388774	101.21903029175	103.910535372799
1.904	102.277565263367	105.809266424673	98.8637452056184	100.933046484208	103.639994239537
1.92	101.999932570106	105.522046920241	98.5953793349938	100.64787069407	103.370157486294
1.936	101.723053511449	105.235607073835	98.3277419441608	100.363500638369	103.101023279147
1.952	101.446926041653	104.94994476907	98.0608310556594	100.079934040585	102.83258978895
1.968	101.171548120528	104.665057895309	97.7946446973974	99.7971686306316	102.564855191318
1.984	100.896917713422	104.380944347642	97.5291809026356	99.5152021448367	102.297817666617
2	100.623032791207	104.097602026873	97.2644377099738	99.2340323259232	102.031475399951
2.016	100.349891330263	103.815028839505	97.0004131633356	98.9536569229921	101.765826581147
2.032	100.077491312461	103.533222697723	96.737105311955	98.6740736915038	101.500869404748
2.048	99.8058307251535	103.252181519382	96.4745122103609	98.3952803932606	101.236602069994
2.064	99.5349075611538	102.971903227985	96.2126319183633	98.1172747963887	100.973022780817
2.08	99.2647198187247	102.692385752674	95.9514625010389	97.8400546753198	100.710129745823
2.096	98.9952655015625	102.413627028212	95.6910020287166	97.5636178107742	100.447921178284
2.112	98.7265426187829	102.135624994968	95.4312485769637	97.2879619897422	100.186395296121
2.128	98.4585491849053	101.858377598902	95.172200226571	97.0130850054669	99.9255503218986
2.144	98.191283219839	101.58188279155	94.9138550635394	96.7389846574264	99.6653844828055
2.16	97.9247427488682	101.306138530008	94.6562111790649	96.465658751316	99.4058960106483
2.176	97.6589258026373	101.031142776916	94.3992666695253	96.1931050990308	99.1470831418365
2.192	97.393830417137	100.756893500449	94.1430196364657	95.9213215186483	98.8889441173716
2.208	97.1294546336887	100.483388674292	93.8874681865846	95.6503058344105	98.6314771828344
2.224	96.8657964989311	100.210626277634	93.6326104317197	95.3800558767072	98.3746805883739
2.24	96.602854064805	99.9386042951475	93.3784444888343	95.1105694820579	98.1185525886947
2.256	96.3406253885394	99.6673207169774	93.1249684800032	94.8418444930949	97.8630914430458
2.272	96.0791085326368	99.3967735387229	92.8721805323985	94.5738787585458	97.6082954152081
2.288	95.8183015648594	99.126960761425	92.6200787782767	94.3066701332166	97.354162773483
2.304	95.5582025582139	98.8578803915504	92.3686613549638	94.0402164779741	97.1006917906806
2.32	95.2988095909383	98.5895304409775	92.1179264048423	93.7745156597291	96.8478807441079
2.336	95.0401207464871	98.3219089269812	91.867872075337	93.5095655514194	96.5957279155569
2.352	94.782134113517	98.0550138722187	91.6184965189016	93.2453640319922	96.3442315912936
2.368	94.5248477858735	97.7888433047149	91.3697978930051	92.9819089863878	96.0933900620452
2.384	94.268259862576	97.5233952578473	91.121774360118	92.7191983055224	95.8432016229899
2.4	94.0123684478044	97.258667770332	90.8744240876985	92.4572298862711	95.5936645737439
2.416	93.7571716508844	96.9946588862087	90.6277452481797	92.196001631451	95.3447772183508
2.432	93.5026675862744	96.7313666548269	90.3817360189551	91.9355114498048	95.0965378652701
2.448	93.2488543735509	96.4687891308312	90.1363945823663	91.6757572559839	94.8489448273647
2.464	92.9957301373947	96.2069243741466	89.8917191256885	91.4167369705314	94.6019964218908
2.48	92.7432930075774	95.9457704499645	89.6477078411177	91.1584485198658	94.3556909704853
2.496	92.4915411189471	95.6853254287284	89.4043589257569	90.9008898362643	94.1100267991552
2.512	92.240472611415	95.4255873861195	89.1616705816035	90.6440588578462	93.8650022382656
2.528	91.9900856299416	95.1665544030428	88.9196410155354	90.3879535285564	93.620615622529
2.544	91.7403783245227	94.9082245656125	88.678268439298	90.1325717981491	93.3768652909933
2.56	91.4913488501761	94.650595965138	88.4375510694906	89.8779116221711	93.1337495870313
2.576	91.2429953669276	94.3936666981099	88.197487127554	89.6239709619457	92.8912668583284
2.592	90.9953160397979	94.137434866186	87.9580748397566	89.3707477845561	92.6494154568724
2.608	90.7483090387886	93.881898576177	87.7193124371818	89.1182400628296	92.4081937389417
2.624	90.5019725388689	93.6270559400328	87.4811981557145	88.8664457753209	92.1676000650944
2.64	90.2563047199618	93.3729050748282	87.2437302360285	88.6153629062959	91.9276328001568
2.656	90.0113037669314	93.1194441027495	87.0069069235731	88.364989445716	91.6882903132129
2.672	89.7669678695684	92.86667115108	86.7707264685606	88.1153233892216	91.4495709775925
2.688	89.5232952225779	92.6145843521868	86.5351871259528	87.8663627381163	91.2114731708609
2.704	89.280284025565	92.3631818435066	86.3002871554488	87.6181054993509	90.9739952748077
2.72	89.0379324830222	92.1124617675319	86.0660248214712	87.3705496855071	90.7371356754352
2.736	88.7962388043159	91.8624222717976	85.8323983931543	87.1236933147821	90.5008927629484
2.752	88.5552012036732	91.6130615088668	85.5994061443307	86.8775344109723	90.2652649317431
2.768	88.3148179001685	91.3643776363179	85.3670463535186	86.6320710034576	90.0302505803958
2.784	88.0750871177109	91.1163688167304	85.1353173039093	86.387301127186	89.7958481116523
2.8	87.8360070850303	90.8690332176712	84.9042172833542	86.1432228226572	89.5620559324171
2.816	87.5975760356649	90.6223690116819	84.6737445843525	85.8998341359074	89.3288724537423
2.832	87.359792207948	90.3763743762641	84.4438975040384	85.6571331184936	89.0962960908171
2.848	87.1226538449948	90.131047493867	84.2146743441684	85.4151178274779	88.864325262957
2.864	86.8861591946898	89.8863865518736	83.9860734111091	85.1737863254118	88.6329583935928
2.88	86.6503065096735	89.642389742587	83.7580930158242	84.9331366803211	88.4021939102601
2.896	86.4150940473295	89.3990552632173	83.5307314738626	84.6931669656899	88.1720302445887
2.912	86.1805200697719	89.1563813158685	83.3039871053453	84.4538752604458	87.9424658322914
2.928	85.9465828438322	88.9143661075248	83.0778582349536	84.2152596489439	87.7134991131544
2.944	85.7132806410467	88.6730078500376	82.8523431919165	83.977318220952	87.4851285310255
2.96	85.4806117376434	88.4323047601122	82.6274403099981	83.740049071635	87.2573525338044
2.976	85.2485744145298	88.1922550592949	82.4031479274856	83.5034503015394	87.0301695734318
2.992	85.0171669572795	87.9528569739592	82.1794643871769	83.267520016579	86.8035781058788
3.008	84.7863876561203	87.7141087352934	81.9563880363683	83.0322563280185	86.5775765911366
3.024	84.556234805921	87.4760085792872	81.7339172268426	82.7976573524595	86.352163493206
3.04	84.3267067061788	87.2385547467187	81.5120503148566	82.5637212118248	86.127337280087
3.056	84.0978016610074	87.0017454831414	81.2907856611289	82.3304460333433	85.9030964237681
3.072	83.8695179791234	86.7655790388712	81.070121630828	82.0978299495357	85.6794394002162
3.088	83.6418539738348	86.5300536689735	80.8500565935602	81.8658710981985	85.4563646893663
3.104	83.4148079630281	86.2951676332505	80.6305889233576	81.6345676223902	85.2338707751109
3.12	83.1883782691557	86.0609191962281	80.4117169986658	81.4039176704155	85.0119561452897
3.136	82.9625632192239	85.827306627143	80.1934392023321	81.1739193958109	84.7906192916799
3.152	82.7373611447801	85.5943281999303	79.9757539215939	80.9445709573301	84.5698587099851
3.168	82.5127703819011	85.3619821932103	79.758659548066	80.715870518929	84.3496728998256
3.184	82.2887892711801	85.1302668902761	79.5421544777295	80.4878162497509	84.1300603647281
3.2	82.0654161577149	84.8991805790808	79.3262371109194	80.2604063241121	83.9110196121155
3.216	81.8426493910955	84.6687215522249	79.1109058523132	80.0336389214874	83.6925491532967
3.232	81.6204873253919	84.4388881069434	78.8961591109187	79.8075122264947	83.4746475034568
3.248	81.3989283191421	84.2096785450936	78.6819953000626	79.5820244288816	83.2573131816465
3.264	81.1779707353398	83.9810911731427	78.4684128373785	79.3571737235103	83.0405447107724
3.28	80.9576129414223	83.7531243021546	78.2554101447955	79.1329583103431	82.8243406175868
3.296	80.7378533092585	83.525776247778	78.0429856485262	78.9093763944281	82.6086994326777
3.312	80.518690215137	83.2990453302337	77.8311377790554	78.6864261858851	82.3936196904591
3.328	80.3001220397537	83.0729298743023	77.6198649711282	78.4641058998907	82.1790999291605
3.344	80.0821471682005	82.8474282093118	77.4091656637388	78.2424137566645	81.9651386908175
3.36	79.8647639899527	82.6225386691254	77.1990383001186	78.0213479814546	81.7517345212615
3.376	79.6479708988572	82.3982595921286	76.9894813277249	77.8009068045237	81.53888597011
3.392	79.4317662931213	82.1745893212178	76.7804931982292	77.5810884611343	81.3265915907567
3.408	79.2161485752999	81.9515262037873	76.5720723675063	77.3618911915355	81.1148499403617
3.424	79.0011161522845	81.7290685917177	76.3642172956222	77.1433132409479	80.9036595798417
3.44	78.7866674352909	81.5072148413632	76.1569264468233	76.9253528595504	80.6930190738602
3.456	78.5728008398477	81.2859633135398	75.9501982895247	76.7080083024656	80.4829269908176
3.472	78.3595147857846	81.0653123735128	75.7440312962989	76.4912778297462	80.2733819028419
3.488	78.1468076972207	80.8452603909854	75.5384239438647	76.2751597063609	80.0643823857783
3.504	77.9346780025527	80.625805740086	75.3333747130759	76.0596522021806	79.8559270191803
3.52	77.7231241344435	80.4069467993565	75.12888208891	75.8447535919644	79.6480143862994
3.536	77.5121445298106	80.1886819517402	74.9249445604569	75.630462155346	79.4406430740759
3.552	77.3017376298144	79.97100958457	74.7215606209081	75.4167761768197	79.2338116731291
3.568	77.0919018798468	79.7539280895562	74.518728767545	75.2036939457269	79.0275187777477
3.584	76.8826357295197	79.537435862775	74.3164475017286	74.9912137562423	78.8217629858805
3.6	76.6739376326536	79.3215313046564	74.1147153288876	74.7793339073599	78.6165428991263
3.616	76.4658060472659	79.1062128199725	73.9135307585077	74.5680527028802	78.4118571227253
3.632	76.25823943556	78.8914788178254	73.7128923041209	74.3573684513959	78.2077042655485
3.648	76.0512362639133	78.6773277116359	73.5127984832938	74.1472794662785	78.0040829400893
3.664	75.8447950028666	78.4637579191317	73.3132478176176	73.937784065665	77.8009917624534
3.68	75.6389141271122	78.2507678623353	73.1142388326963	73.7288805724445	77.5984293523496
3.696	75.4335921154829	78.0383559675528	72.915770058136	73.5205673142443	77.3963943330806
3.712	75.2288274509407	77.8265206653619	72.7178400275346	73.3128426234169	77.1948853315332
3.728	75.0246186205655	77.6152603906008	72.5204472784702	73.1057048370267	76.9939009781693
3.744	74.8209641155443	77.4045735823562	72.3235903524909	72.8991522968364	76.7934399070169
3.76	74.6178624311596	77.1944586839518	72.1272677951037	72.6931833492939	76.5935007556597
3.776	74.4153120667784	76.9849141429369	71.9314781557637	72.4877963455192	76.3940821652294
3.792	74.2133115258412	76.7759384110752	71.7362199878636	72.2829896412908	76.1951827803951
3.808	74.0118593158511	76.5675299443328	71.541491848723	72.078761597033	75.9968012493547
3.824	73.8109539483623	76.3596872028672	71.3472922995774	71.8751105778023	75.7989362238259
3.84	73.6105939389697	76.1524086510158	71.1536199055682	71.6720349532748	75.6015863590365
3.856	73.4107778072973	75.9456927572846	70.9604732357314	71.4695330977327	75.4047503137158
3.872	73.2115040769879	75.7395379943368	70.7678508629876	71.2676033900517	75.2084267500849
3.888	73.0127712756915	75.5339428389814	70.5757513641311	71.0662442136878	75.0126143338483
3.904	72.8145779350551	75.3289057721624	70.3841733198193	70.8654539566641	74.8173117341842
3.92	72.6169225907116	75.1244252789472	70.1931153145628	70.6652310115586	74.622517623736
3.936	72.4198037822686	74.9204998485153	70.0025759367144	70.4655737754905	74.4282306786026
3.952	72.2232200532983	74.7171279741476	69.8125537784586	70.266480650108	74.2344495783301
3.968	72.0271699513261	74.5143081532147	69.6230474358016	70.0679500415752	74.0411730059025
3.984	71.8316520278202	74.3120388871664	69.4340555085608	69.8699803605595	73.8483996477328
4	71.6366648381809	74.11031868152	69.2455766003543	69.6725700222187	73.6561281936538
4.016	71.4422069417299	73.9091460458498	69.0576093185908	69.4757174461884	73.4643573369099
4.032	71.2482769016997	73.7085194937759	68.870152274459	69.2794210565695	73.2730857741472
4.048	71.0548732852227	73.508437542953	68.6832040829178	69.0836792819153	73.0823122054057
4.064	70.8619946633209	73.3088987150596	68.4967633626854	68.888490555219	72.8920353341097
4.08	70.6696396108952	73.1099015357874	68.3108287362299	68.6938533139014	72.7022538670595
4.096	70.4778067067151	72.9114445348299	68.1253988297585	68.4997659997981	72.5129665144219
4.112	70.2864945334081	72.7135262458717	67.9404722732076	68.3062270591472	72.3241719897225
4.128	70.0957016774488	72.5161452065779	67.7560477002326	68.1132349425766	72.135869009836
4.144	69.905426729149	72.319299958583	67.5721237481981	67.920788105092	71.9480562949779
4.16	69.7156682826473	72.1229890474802	67.388699058167	67.7288850060643	71.7607325686957
4.176	69.5264249358983	71.9272110228107	67.2057722748918	67.5375241092171	71.5738965578603
4.192	69.3376952906625	71.7319644380531	67.0233420468032	67.3467038826148	71.3875469926576
4.208	69.1494779524958	71.5372478506125	66.841407026001	67.15642279865	71.201682606579
4.224	68.9617715307397	71.3430598218099	66.6599658682439	66.9666793340315	71.016302136414
4.24	68.7745746385101	71.1493989168716	66.4790172329394	66.7774719697719	70.8314043222405
4.256	68.587885892688	70.9562637049187	66.2985597831343	66.5887991911756	70.646987907417
4.272	68.4017039139089	70.7636527589563	66.1185921855043	66.4006594878265	70.4630516385736
4.288	68.2160273265524	70.5715646558631	65.9391131103445	66.2130513535764	70.2795942656039
4.304	68.0308547587322	70.3799979763808	65.7601212315595	66.0259732865319	70.0966145416561
4.32	67.8461848422861	70.188951305104	65.5816152266535	65.8394237890437	69.9141112231249
4.336	67.6620162127658	69.998423230469	65.4035937767209	65.6534013676935	69.7320830696425
4.352	67.4783475094268	69.8084123447442	65.226055566436	65.4679045332828	69.5505288440708
4.368	67.2951773752181	69.6189172440188	65.0489992840436	65.2829318008205	69.3694473124926
4.384	67.1125044567729	69.4299365281935	64.8724236213493	65.0984816895113	69.1888372442033
4.4	66.9303274043975	69.2414688009689	64.6963272737097	64.9145527227436	69.0086974117029
4.416	66.7486448720625	69.0535126698366	64.5207089400231	64.7311434280779	68.8290265906867
4.432	66.5674555173921	68.8660667460676	64.3455673227194	64.5482523372348	68.6498235600379
4.448	66.3867580016543	68.6791296447028	64.1709011277509	64.3658779860837	68.4710871018193
4.464	66.2065509897511	68.4926999845426	63.9967090645826	64.1840189146303	68.2928160012642
4.48	66.0268331502087	68.3067763881367	63.8229898461824	64.0026736670058	68.115009046769
4.496	65.8476031551676	68.1213574817738	63.6497421890123	63.8218407914543	67.9376650298845
4.512	65.6688596803728	67.9364418954716	63.476964813018	63.6415188403223	67.7607827453078
4.528	65.4906014051638	67.7520282629665	63.3046564416203	63.461706370046	67.5843609908742
4.544	65.3128270124653	67.5681152217039	63.1328158017051	63.2824019411404	67.4083985675488
4.56	65.135535188777	67.3847014128276	62.9614416236141	63.1036041181877	67.2328942794188
4.576	64.9587246241642	67.2017854811701	62.7905326411356	62.9253114698255	67.0578469336848
4.592	64.7823940122481	67.0193660752425	62.620087591495	62.7475225687359	66.8832553406531
4.608	64.6065420501958	66.8374418472245	62.4501052153456	62.5702359916334	66.7091183137273
4.624	64.4311674387112	66.6560114529546	62.280584256759	62.3934503192541	66.5354346694008
4.64	64.2562688820249	66.4750735519198	62.1115234632161	62.2171641363439	66.3622032272478
4.656	64.0818450878853	66.2946268072462	61.942921585598	62.0413760316474	66.1894228099165
4.672	63.9078947675482	66.1146698856885	61.7747773781761	61.8660845978967	66.01709224312
4.688	63.7344166357678	65.9352014576209	61.6070895986038	61.6912884317998	65.845210355629
4.704	63.5614094107872	65.7562201970265	61.4398570079064	61.5169861340296	65.6737759792633
4.72	63.3888718143287	65.577724781488	61.2730783704727	61.3431763092128	65.5027879488846
4.736	63.2168025715847	65.399713892178	61.1067524540455	61.1698575659184	65.3322451023877
4.752	63.0452004112079	65.2221862138488	60.9408780297126	60.9970285166467	65.1621462806936
4.768	62.874064065302	65.0451404348232	60.7754538718977	60.8246877778184	64.9924903277405
4.784	62.7033922694126	64.8685752469842	60.6104787583511	60.6528339697634	64.823276090477
4.8	62.5331837625175	64.692489345766	60.445951470141	60.4814657167095	64.6545024188534
4.816	62.3634372870178	64.5168814301439	60.2818707916448	60.3105816467717	64.4861681658144
4.832	62.194151588728	64.3417502026249	60.1182355105391	60.1401803919412	64.3182721872913
4.848	62.0253254168673	64.1670943692379	59.9550444177917	59.9702605880744	64.1508133421939
4.864	61.8569575240503	63.9929126395246	59.7922963076523	59.8008208748816	63.9837904924032
4.88	61.6890466662771	63.8192037265292	59.6299899776434	59.6318598959169	63.8172025027631
4.896	61.5215916029254	63.6459663467898	59.468124228552	59.4633762985665	63.6510482410731
4.912	61.3545910967399	63.4731992203283	59.30669786442	59.2953687340387	63.4853265780805
4.928	61.1880439138241	63.3009010706408	59.145709692536	59.1278358573522	63.3200363874729
4.944	61.021948823631	63.129070624689	58.9851585234261	58.9607763273262	63.15517654587
4.96	60.8563045989538	62.9577066128899	58.8250431708451	58.7941888065692	62.9907459328167
4.976	60.691110015917	62.7868077691069	58.6653624517681	58.628071961468	62.8267434307747
4.992	60.5263638539673	62.6163728306402	58.5061151863814	58.4624244621778	62.6631679251158
5.008	60.3620648958646	62.4464005382179	58.347300198074	58.2972449826109	62.5000183041135
5.024	60.198211927673	62.2768896359862	58.1889163134286	58.1325322004266	62.3372934589359
5.04	60.0348037387518	62.1078388715002	58.0309623622135	57.9682847970199	62.174992283638
5.056	59.8718391217466	61.9392469957149	57.8734371773731	57.8045014575119	62.0131136751543
5.072	59.7093168725804	61.7711127629761	57.7163395950203	57.6411808707382	61.8516565332912
5.088	59.5472357904447	61.6034349310103	57.559668454427	57.4783217292395	61.6906197607196
5.104	59.3855946777906	61.4362122609168	57.4034225980161	57.3159227292502	61.5300022629674
5.12	59.2243923403197	61.2694435171575	57.2476008713527	57.1539825706884	61.369802948412
5.136	59.0636275869759	61.1031274675482	57.0922021231355	56.9924999571456	61.210020728273
5.152	58.903299229936	60.9372628832498	56.9372252051886	56.8314735958762	61.0506545166046
5.168	58.7434060846011	60.7718485387584	56.7826689724527	56.6709021977869	60.8917032302887
5.184	58.5839469695882	60.6068832118972	56.6285322829768	56.5107844774267	60.7331657890269
5.2	58.4249207067208	60.4423656838066	56.4748139979097	56.3511191529765	60.5750411153336
5.216	58.2663261210208	60.2782947389358	56.3215129814917	56.1919049462391	60.4173281345284
5.232	58.1081620406995	60.1146691650336	56.1686281010459	56.0331405826282	60.2600257747291
5.248	57.950427297149	59.9514877531396	56.0161582269705	55.874824791159	60.1031329668441
5.264	57.7931207249336	59.7887492975748	55.8641022327295	55.7169563044379	59.9466486445655
5.28	57.6362411617812	59.6264525959332	55.7124589948452	55.5595338586519	59.7905717443614
5.296	57.4797874485748	59.4645964490728	55.5612273928893	55.4025561935589	59.6349012054691
5.312	57.3237584293436	59.3031796611066	55.4104063094754	55.2460220524775	59.4796359698875
5.328	57.1681529512548	59.1422010393938	55.2599946302499	55.0899301822769	59.3247749823702
5.344	57.012969864605	58.9816593945311	55.1099912438839	54.9342793333667	59.1703171904184
5.36	56.8582080228116	58.8215535403438	54.9603950420657	54.7790682596875	59.0162615442732
5.376	56.7038662824045	58.6618822938771	54.8112049194918	54.6242957187002	58.8626069969094
5.392	56.5499435030174	58.5026444753873	54.6624197738592	54.4699604713764	58.7093525040272
5.408	56.3964385473798	58.343838908333	54.5140385058569	54.3160612821885	58.5564970240462
5.424	56.2433502813079	58.1854644193669	54.3660600191583	54.1625969190997	58.4040395180977
5.44	56.0906775736971	58.0275198383263	54.2184832204124	54.0095661535544	58.2519789500178
5.456	55.9384192965127	57.8700039982252	54.0713070192364	53.8569677604678	58.1003142863402
5.472	55.7865743247827	57.7129157352453	53.9245303282072	53.7048005182167	57.9490444962897
5.488	55.6351415365882	57.5562538887275	53.7781520628536	53.5530632086294	57.7981685517745
5.504	55.4841198130561	57.4000173011633	53.6321711416482	53.4017546169761	57.6476854273797
5.52	55.3335080383503	57.2442048181863	53.4865864859993	53.250873531959	57.49759410036
5.536	55.1833050996639	57.0888152885635	53.3413970202432	53.1004187457025	57.3478935506331
5.552	55.0335098872105	56.933847564187	53.1966016716358	52.9503890537442	57.1985827607725
5.568	54.8841212942162	56.7793005000656	53.0521993703454	52.8007832550245	57.0496607160007
5.584	54.7351382169116	56.625172954316	52.908189049444	52.6516001518771	56.9011264041821
5.6	54.5865595545233	56.4714637881545	52.7645696448999	52.5028385500199	56.7529788158167
5.616	54.4383842092662	56.3181718658888	52.6213400955698	52.354497258545	56.6052169440323
5.632	54.2906110863349	56.1652960549093	52.4784993431907	52.2065750899092	56.4578397845786
5.648	54.1432390938959	56.012835225681	52.3360463323724	52.0590708599248	56.3108463358198
5.664	53.9962671430797	55.8607882517348	52.1939800105896	51.9119833877496	56.164235598728
5.68	53.8496941479721	55.7091540096598	52.0522993281738	51.765311495878	56.0180065768764
5.696	53.7035190256071	55.5579313790941	51.9110032383062	51.6190540101311	55.8721582764323
5.712	53.5577406959582	55.4071192427174	51.7700906970094	51.4732097596477	55.7266897061507
5.728	53.4123580819305	55.2567164862423	51.6295606631398	51.3277775768748	55.5815998773674
5.744	53.2673701093531	55.1067219984061	51.4894120983801	51.1827562975579	55.4368878039923
5.76	53.1227757069708	54.9571346709625	51.3496439672316	51.0381447607323	55.2925525025026
5.776	52.9785738064363	54.8079533986737	51.2102552370062	50.8939418087133	55.1485929919363
5.792	52.8347633423026	54.659177079302	51.0712448778194	50.7501462870872	55.0050082938853
5.808	52.6913432520146	54.5108046136018	50.9326118625819	50.6067570447019	54.8617974324891
5.824	52.5483124759014	54.3628349053113	50.7943551669928	50.4637729336577	54.7189594344275
5.84	52.405669957169	54.2152668611446	50.6564737695316	50.3211928092985	54.576493328915
5.856	52.2634146418916	54.0680993907835	50.5189666514504	50.1790155302019	54.4343981476933
5.872	52.1215454790047	53.9213314068693	50.3818327967671	50.0372399581707	54.292672925025
5.888	51.9800614202966	53.7749618249953	50.2450711922572	49.8958649582235	54.1513166976874
5.904	51.8389614204011	53.6289895636981	50.1086808274469	49.7548893985858	54.0103285049653
5.92	51.6982444367896	53.4834135444501	49.9726606946051	49.6143121506805	53.869707388645
5.936	51.5579094297637	53.3382326916513	49.8370097887361	49.4741320891195	53.7294523930076
5.952	51.4179553624468	53.1934459326215	49.7017271075726	49.3343480916941	53.5895625648224
5.968	51.2783812007772	53.049052197592	49.5668116515676	49.1949590393665	53.4500369533408
5.984	51.1391859135003	52.9050504196985	49.4322624238877	49.0559638162606	53.3108746102891
6	51.0003684721605	52.7614395349723	49.2980784304051	48.9173613096529	53.172074589863
6.016	50.8619278510942	52.618218482333	49.1642586796908	48.779150409964	53.0336359487204
6.032	50.7238630274218	52.4753862035805	49.0308021830069	48.6413300107495	52.8955577459754
6.048	50.5861729810403	52.332941643387	48.8977079542995	48.5038990086908	52.7578390431918
6.064	50.4488566946161	52.1908837492898	48.7649750101913	48.3668563035871	52.6204789043765
6.08	50.3119131535768	52.0492114716827	48.6326023699744	48.2302007983458	52.4834763959737
6.096	50.1753413461041	51.9079237638088	48.500589055603	48.0939313989741	52.3468305868578
6.112	50.0391402631264	51.7670195817528	48.3689340916863	47.9580470145701	52.210540548328
6.128	49.9033088983111	51.6264978844328	48.2376365054811	47.8225465573143	52.0746053541009
6.144	49.7678462480576	51.4863576335932	48.1066953268848	47.6874289424606	51.9390240803051
6.16	49.6327513114891	51.3465977937966	47.976109588428	47.5526930883276	51.8037958054745
6.176	49.4980230904461	51.2072173324163	47.8458783252678	47.4183379162904	51.6689196105422
6.192	49.3636605894783	51.0682152196286	47.7160005751799	47.2843623507713	51.534394578834
6.208	49.2296628158378	50.9295904284055	47.5864753785524	47.1507653192317	51.4002197960626
6.224	49.0960287794713	50.7913419345067	47.4573017783781	47.0175457521635	51.266394350321
6.24	48.9627574930132	50.6534687164721	47.3284788202476	46.8847025830802	51.1329173320763
6.256	48.8298479717781	50.5159697556146	47.2000055523422	46.7522347485084	50.9997878341639
6.272	48.6972992337532	50.3788440360121	47.0718810254269	46.6201411879798	50.867004951781
6.288	48.5651102995918	50.2420905445004	46.9441042928435	46.4884208440221	50.7345677824805
6.304	48.4332801926054	50.1057082706655	46.8166744105035	46.3570726621507	50.6024754261648
6.32	48.3018079387568	49.9696962068361	46.6895904368811	46.2260955908606	50.4707269850802
6.336	48.1706925666528	49.8340533480762	46.5628514330062	46.0954885816175	50.33932156381
6.352	48.039933107537	49.6987786921779	46.4364564624576	45.9652505888497	50.2082582692689
6.368	47.9095285952829	49.5638712396535	46.310404591356	45.8353805699398	50.0775362106968
6.384	47.7794780663863	49.4293299937286	46.1846948883573	45.7058774852159	49.947154499653
6.4	47.6497805599585	49.2951539603347	46.0593264246453	45.5767402979438	49.8171122500096
6.416	47.5204351177193	49.1613421481013	45.934298273925	45.4479679743184	49.6874085779461
6.432	47.3914407839895	49.0278935683493	45.8096095124162	45.3195594834556	49.558042601943
6.448	47.2627966056843	48.8948072350833	45.6852592188459	45.1915137973839	49.4290134427759
6.464	47.1345016323059	48.7620821649842	45.5612464744422	45.0638298910362	49.3003202235096
6.48	47.0065549159368	48.6297173774025	45.437570362927	44.9365067422416	49.1719620694921
6.496	46.8789555112324	48.4977118943503	45.3142299705096	44.8095433317173	49.0439381083485
6.512	46.7517024754145	48.3660647404947	45.1912243858797	44.6829386430605	48.9162474699755
6.528	46.6247948682638	48.2347749431501	45.0685527002007	44.5566916627398	48.7888892865348
6.544	46.4982317521134	48.1038415322715	44.9462140071031	44.4308013800877	48.6618626924479
6.56	46.3720121918417	47.973263540447	44.8242074026779	44.3052667872921	48.5351668243898
6.576	46.2461352548655	47.8430400028907	44.7025319854695	44.1800868793885	48.4088008212834
6.592	46.120600011133	47.7131699574357	44.5811868564694	44.0552606542518	48.2827638242933
6.608	45.995405533117	47.5836524445268	44.4601711191095	43.9307871125882	48.1570549768202
6.624	45.8705508958083	47.4544865072136	44.3394838792554	43.8066652579273	48.0316734244952
6.64	45.7460351767084	47.3256711911433	44.2191242451999	43.6828940966142	47.9066183151736
6.656	45.6218574558231	47.1972055445537	44.0990913276563	43.5594726378014	47.7818887989295
6.672	45.4980168156553	47.0690886182662	43.9793842397517	43.4363998934411	47.6574840280498
6.688	45.3745123411987	46.9413194656787	43.8600020970209	43.3136748782769	47.5334031570285
6.704	45.2513431199307	46.8138971427586	43.7409440173994	43.1912966098363	47.409645342561
6.72	45.1285082418057	46.686820708036	43.6222091212172	43.0692641084226	47.2862097435384
6.736	45.0060067992484	46.5600892225966	43.5037965311921	42.9475763971072	47.1630955210415
6.752	44.8838378871472	46.4337017500748	43.3857053724231	42.8262325017215	47.0403018383354
6.768	44.7620006028474	46.3076573566465	43.2679347723844	42.7052314508496	46.9178278608638
6.784	44.6404940461445	46.1819551110229	43.1504838609186	42.5845722758201	46.7956727562432
6.8	44.5193173192777	46.0565940844429	43.0333517702303	42.4642540106984	46.6738356942572
6.816	44.3984695269232	45.9315733506667	42.9165376348797	42.3442756922792	46.5523158468512
6.832	44.2779497761873	45.8068919859685	42.8000405917763	42.2246363600786	46.4311123881261
6.848	44.1577571766004	45.6825490691302	42.6838597801725	42.1053350563263	46.3102244943335
6.864	44.0378908401098	45.5585436814342	42.567994341657	41.9863708259583	46.1896513438696
6.88	43.9183498810737	45.4348749066571	42.452443420149	41.8677427166089	46.0693921172695
6.896	43.7991334162542	45.3115418310621	42.3372061618912	41.7494497786032	45.9494459972023
6.912	43.6802405648109	45.1885435433931	42.222281715444	41.6314910649495	45.8298121684647
6.928	43.5616704482946	45.0658791348674	42.107669231679	41.5138656313319	45.710489817976
6.944	43.4434221906405	44.9435476991693	41.9933678637728	41.3965725361024	45.5914781347725
6.96	43.325494918162	44.8215483324432	41.8793767672006	41.2796108402735	45.4727763100018
6.976	43.2078877595441	44.6998801332873	41.7656950997302	41.1629796075109	45.3543835369175
6.992	43.090599845837	44.5785422027462	41.6523220214155	41.0466779041255	45.2362990108737
7.008	42.9736303104495	44.4575336443051	41.5392566945904	40.9307047990666	45.1185219293193
7.024	42.856978289143	44.3368535638827	41.426498283863	40.8150593639138	45.0010514917929
7.04	42.7406429200247	44.2165010698245	41.3140459561087	40.6997406728701	44.8838868999171
7.056	42.6246233435416	44.0964752728966	41.2018988804646	40.5847478027541	44.7670273573931
7.072	42.5089187024738	43.9767752862789	41.090056228323	40.4700798329926	44.6504720699955
7.088	42.3935281419283	43.8574002255585	40.9785171733257	40.3557358456138	44.5342202455665
7.104	42.2784508093328	43.7383492087233	40.8672808913575	40.241714925239	44.418271094011
7.12	42.1636858544294	43.6196213561553	40.7563465605402	40.1280161590764	44.3026238272908
7.136	42.049232429268	43.5012157906245	40.6457133612268	40.0146386369126	44.1872776594197
7.152	41.9350896882003	43.383131637282	40.5353804759951	39.9015814511064	44.0722318064575
7.168	41.8212567878738	43.2653680236534	40.4253470896419	39.7888436965809	43.9574854865053
7.184	41.707732887225	43.1479240796331	40.3156123891766	39.6764244708161	43.8430379197001
7.2	41.5945171474734	43.0307989374772	40.2061755638157	39.5643228738425	43.728888328209
7.216	41.4816087321157	42.9139917317972	40.0970358049766	39.4525380082329	43.6150359362245
7.232	41.3690068069191	42.7975015995537	39.9881923062715	39.3410689790959	43.501479969959
7.248	41.2567105399151	42.6813276800503	39.8796442635015	39.2299148940687	43.3882196576393
7.264	41.1447191013941	42.5654691149266	39.7713908746508	39.1190748633093	43.2752542295018
7.28	41.0330316638983	42.4499250481525	39.6634313398807	39.0085479994904	43.1625829177871
7.296	40.9216474022163	42.3346946260215	39.5557648615236	38.8983334177913	43.0502049567346
7.312	40.8105654933765	42.2197769971444	39.448390644077	38.7884302358915	42.9381195825774
7.328	40.6997851166414	42.1051713124432	39.3413078941982	38.6788375739634	42.8263260335372
7.344	40.5893054535015	41.9908767251446	39.2345158206976	38.5695545546653	42.7148235498191
7.36	40.479125687669	41.8768923907741	39.1280136345336	38.4605803031341	42.6036113736064
7.376	40.3692450050719	41.7632174671494	39.0218005488063	38.3519139469788	42.4926887490554
7.392	40.2596625938482	41.6498511143742	38.9158757787519	38.2435546162731	42.3820549222903
7.408	40.1503776443393	41.5367924948322	38.8102385417368	38.1355014435486	42.2717091413982
7.424	40.0413893490848	41.4240407731808	38.7048880572519	38.027753563788	42.1616506564237
7.44	39.9326969028161	41.3115951163451	38.5998235469068	37.9203101144178	42.0518787193642
7.456	39.8242995024503	41.1994546935113	38.4950442344239	37.8131702353017	41.9423925841643
7.472	39.7161963470846	41.087618676121	38.3905493456331	37.7063330687336	41.8331915067114
7.488	39.6083866379904	40.9760862378649	38.2863381084655	37.5997977594308	41.72427474483
7.504	39.500869578607	40.8648565546768	38.1824097529481	37.4935634545272	41.6156415582769
7.52	39.393644374536	40.7539288047272	38.0787635111981	37.3876293035662	41.5072912087364
7.536	39.2867102335355	40.6433021684177	37.9753986174168	37.2819944584941	41.399222959815
7.552	39.1800663655142	40.5329758283746	37.8723143078847	37.1766580736534	41.2914360770363
7.568	39.0737119825253	40.422948969443	37.7695098209551	37.0716193057759	41.1839298278365
7.584	38.9676462987611	40.3132207786806	37.6669843970488	36.9668773139758	41.0767034815587
7.6	38.8618685305467	40.2037904453521	37.5647372786486	36.8624312597434	40.9697563094488
7.616	38.7563778963348	40.0946571609227	37.4627677102937	36.758280306938	40.8630875846497
7.632	38.6511736166995	39.9858201190525	37.3610749385736	36.6544236217812	40.7566965821969
7.648	38.5462549143305	39.8772785155904	37.2596582121234	36.5508603728505	40.6505825790135
7.664	38.4416210140278	39.7690315485681	37.1585167816175	36.4475897310725	40.5447448539049
7.68	38.3372711426953	39.6610784181942	37.0576498997642	36.3446108697162	40.4391826875546
7.696	38.2332045293358	39.5534183268485	36.9570568213008	36.2419229643865	40.3338953625186
7.712	38.1294204050449	39.4460504790759	36.8567368029873	36.1395251930174	40.2288821632209
7.728	38.0259180030052	39.3389740815805	36.7566891036012	36.0374167358658	40.1241423759488
7.744	37.9226965584812	39.2321883432198	36.6569129839321	35.9355967755045	40.0196752888474
7.76	37.819755308813	39.1256924749989	36.5574077067763	35.834064496816	39.9154801919156
7.776	37.7170934934108	39.0194856900647	36.4581725369311	35.7328190869857	39.8115563770006
7.792	37.6147103537499	38.9135672036998	36.3592067411896	35.6318597354955	39.7079031377935
7.808	37.5126051333642	38.8079362333172	36.2605095883352	35.5311856341175	39.6045197698241
7.824	37.4107770778411	38.702591998454	36.162080349136	35.4307959769073	39.5014055704567
7.84	37.309225434816	38.5975337207659	36.0639182963399	35.3306899601975	39.3985598388847
7.856	37.2079494539666	38.4927606240215	35.9660227046687	35.2308667825916	39.2959818761262
7.872	37.1069483870072	38.3882719340965	35.8683928508131	35.1313256449571	39.1936709850192
7.888	37.0062214876834	38.2840668789679	35.7710280134271	35.0320657504195	39.0916264702169
7.904	36.9057680117664	38.1801446887084	35.6739274731229	34.9330863043558	38.9898476381827
7.92	36.8055872170479	38.0765045954806	35.5770905124654	34.8343865143882	38.8883337971859
7.936	36.705678363334	37.9731458335314	35.4805164159671	34.7359655903774	38.7870842572966
7.952	36.6060407124402	37.8700676391865	35.3842044700826	34.6378227444169	38.6860983303814
7.968	36.506673528186	37.7672692508443	35.2881539632034	34.5399571908261	38.5853753300983
7.984	36.4075760763888	37.664749908971	35.1923641856528	34.4423681461444	38.4849145718925
8	36.3087476248593	37.562508856094	35.0968344296802	34.3450548291247	38.3847153729912
8.016	36.2101874433957	37.4605453367973	35.0015639894566	34.2480164607272	38.2847770523996
8.032	36.1118948037783	37.3588585977154	34.9065521610688	34.1512522641134	38.1850989308957
8.048	36.0138689797639	37.2574478875277	34.8117982425143	34.0547614646394	38.0856803310261
8.064	35.9161092470812	37.1563124569531	34.7173015336962	33.9585432898502	37.986520577101
8.08	35.8186148834244	37.0554515587444	34.623061336418	33.8625969694732	37.88761899519
8.096	35.7213851684489	36.9548644476829	34.5290769543788	33.7669217354121	37.7889749131172
8.112	35.624419383765	36.8545503805727	34.4353476931672	33.6715168217408	37.6905876604569
8.128	35.5277168129334	36.7545086162354	34.3418728602574	33.5763814646972	37.5924565685289
8.144	35.4312767414595	36.6547384155045	34.2486517650029	33.4815149026773	37.494580970394
8.16	35.3350984567881	36.5552390412198	34.1556837186324	33.3869163762288	37.3969602008492
8.176	35.2391812482983	36.4560097582225	34.0629680342441	33.292585128045	37.2995935964239
8.192	35.1435244072983	36.3570498333489	33.9705040268007	33.1985204029592	37.2024804953743
8.208	35.0481272270199	36.2583585354259	33.8782910131247	33.1047214479381	37.10562023768
8.224	34.9529890026133	36.159935135265	33.7863283118928	33.0111875120762	37.0090121650389
8.24	34.8581090311424	36.061778905657	33.6946152436312	32.9179178465895	36.9126556208627
8.256	34.7634866115788	35.9638891213669	33.6031511307108	32.8249117048097	36.8165499502728
8.272	34.6691210447974	35.8662650591282	33.5119352973417	32.7321683421779	36.7206945000954
8.288	34.5750116335705	35.7689059976377	33.4209670695684	32.6396870162392	36.6250886188576
8.304	34.4811576825635	35.6718112175504	33.3302457752649	32.5474669866362	36.5297316567825
8.32	34.3875584983288	35.5749800014737	33.2397707441298	32.4555075151033	36.4346229657849
8.336	34.2942133893016	35.4784116339625	33.149541307681	32.363807865461	36.3397618994671
8.352	34.201121665794	35.3821054015137	33.0595567992514	32.2723673036096	36.2451478131142
8.368	34.1082826399904	35.2860605925612	32.9698165539831	32.1811850975235	36.15078006369
8.384	34.0156956259424	35.1902764974701	32.8803199088232	32.0902605172456	36.0566580098325
8.4	33.9233599395634	35.094752408532	32.7910662025186	31.999592834881	35.9627810118495
8.416	33.8312748986239	34.9994876199598	32.7020547756113	31.9091813245914	35.8691484317144
8.432	33.7394398227462	34.9044814278819	32.6132849704333	31.8190252625894	35.7757596330615
8.448	33.6478540333995	34.8097331303375	32.5247561311018	31.7291239271325	35.6826139811822
8.464	33.5565168538951	34.7152420272713	32.4364676035144	31.6394765985174	35.5897108430204
8.48	33.4654276093809	34.6210074205282	32.3484187353444	31.5500825590743	35.4970495871682
8.496	33.3745856268367	34.5270286138485	32.2606088760356	31.4609410931611	35.4046295838615
8.512	33.2839902350695	34.4333049128622	32.173037376798	31.3720514871577	35.312450204976
8.528	33.1936407647078	34.3398356250843	32.0857035906026	31.28341302946	35.2205108240228
8.544	33.1035365481975	34.2466200599096	31.9986068721768	31.1950250104749	35.1288108161439
8.56	33.0136769197965	34.1536575286074	31.9117465779995	31.1068867226138	35.0373495581085
8.576	32.9240612155697	34.0609473443167	31.8251220662966	31.0189974602875	34.9461264283082
8.592	32.8346887733843	33.9684888220409	31.7387326970359	30.9313565199004	34.8551408067531
8.608	32.745558932905	33.8762812786429	31.6525778319229	30.8439631998447	34.7643920750675
8.624	32.656671035589	33.78432403284	31.5666568343953	30.7568168004951	34.6738796164858
8.64	32.5680244246808	33.6926164051988	31.4809690696191	30.6699166242028	34.583602815848
8.656	32.4796184452079	33.60115771813	31.3955139044834	30.5832619752903	34.4935610595958
8.672	32.3914524439759	33.509947295884	31.310290707596	30.4968521600456	34.4037537357686
8.688	32.3035257695631	33.4189844645454	31.2252988492785	30.4106864867167	34.3141802339987
8.704	32.2158377723163	33.328268552028	31.1405377015618	30.3247642655061	34.2248399455078
8.72	32.1283878043458	33.23779888807	31.0560066381814	30.2390848085653	34.1357322631026
8.736	32.0411752195207	33.1475748042292	30.9717050345728	30.1536474299891	34.0468565811706
8.752	31.9541993734636	33.0575956338778	30.887632267867	30.0684514458105	33.9582122956762
8.768	31.8674596235468	32.9678607121975	30.8037877168857	29.9834961739946	33.8697988041564
8.784	31.7809553288867	32.8783693761748	30.7201707621366	29.8987809344338	33.7816155057166
8.8	31.6946858503394	32.7891209645958	30.6367807858094	29.8143050489422	33.6936618010269
8.816	31.6086505504961	32.7001148180414	30.5536171717705	29.7300678412496	33.6059370923179
8.832	31.522848793678	32.6113502788828	30.4706793055589	29.646068636997	33.5184407833762
8.848	31.4372799459322	32.5228266912761	30.3879665743817	29.5623067637303	33.431172279541
8.864	31.3519433750263	32.4345434011577	30.3054783671093	29.4787815508958	33.3441309876997
8.88	31.2668384504443	32.3464997562395	30.2232140742711	29.3954923298339	33.2573163162839
8.896	31.1819645433818	32.2586951060041	30.1411730880506	29.3124384337747	33.1707276752653
8.912	31.0973210267411	32.1711288016998	30.0593548022816	29.2296191978318	33.0843644761519
8.928	31.0129072751269	32.083800196336	29.9777586124432	29.1470339589976	32.998226131984
8.944	30.9287226648415	31.9967086446784	29.8963839156555	29.0646820561377	32.9123120573299
8.96	30.8447665738802	31.9098535032442	29.8152301106751	28.9825628299856	32.8266216682822
8.976	30.7610383819267	31.8232341302972	29.7342965978905	28.9006756231376	32.7411543824538
8.992	30.6775374703487	31.7368498858433	29.6535827793182	28.8190197800474	32.655909618974
9.008	30.5942632221931	31.6507001316257	29.5730880585977	28.7375946470207	32.5708867984842
9.024	30.5112150221813	31.56478423112	29.4928118409873	28.6563995722104	32.4860853431343
9.04	30.4283922567053	31.4791015495298	29.4127535333598	28.575433905611	32.4015046765789
9.056	30.3457943138225	31.3936514537819	29.3329125441981	28.4946969990536	32.3171442239729
9.072	30.2634205832513	31.3084333125213	29.2532882835906	28.4141882062004	32.233003411968
9.088	30.1812704563669	31.2234464961071	29.1738801632273	28.3339068825401	32.1490816687086
9.104	30.0993433261967	31.1386903766074	29.0946875963948	28.2538523853822	32.0653784238282
9.12	30.0176385874154	31.054164327795	29.0157099979727	28.174024073852	31.9818931084449
9.136	29.9361556363411	30.9698677251424	28.9369467844286	28.0944213088857	31.8986251551583
9.152	29.8548938709306	30.8857999458174	28.8583973738143	28.015043453225	31.8155739980451
9.168	29.7738526907749	30.8019603686786	28.7800611857612	27.9358898714122	31.7327390726555
9.184	29.6930314970947	30.7183483742705	28.7019376414763	27.8569599297848	31.6501198160093
9.2	29.6124296927363	30.6349633448195	28.6240261637374	27.7782529964708	31.567715666592
9.216	29.5320466821668	30.5518046642285	28.5463261768895	27.6997684413836	31.4855260643513
9.232	29.45188187147	30.4688717180729	28.4688371068399	27.6215056362167	31.4035504506926
9.248	29.3719346683417	30.3861638935963	28.3915583810547	27.5434639544388	31.3217882684761
9.264	29.2922044820858	30.3036805797051	28.3144894285537	27.4656427712888	31.2402389620123
9.28	29.2126907236094	30.221421166965	28.2376296799069	27.3880414637709	31.1589019770586
9.296	29.1333928054188	30.1393850475957	28.1609785672299	27.3106594106495	31.0777767608155
9.312	29.0543101416151	30.0575716154668	28.0845355241799	27.2334959924441	30.9968627619225
9.328	28.9754421478896	29.9759802660932	28.0082999859514	27.1565505914245	30.916159430455
9.344	28.89678824152	29.8946103966309	27.932271389272	27.079822591606	30.8356662179197
9.36	28.8183478413656	29.813461405872	27.8564491723985	27.0033113787442	30.7553825772519
9.376	28.7401203678632	29.7325326942409	27.7808327751124	26.9270163403301	30.6753079628109
9.392	28.6621052430231	29.6518236637892	27.7054216387159	26.8509368655855	30.5954418303765
9.408	28.5843018904242	29.5713337181919	27.6302152060278	26.7750723454575	30.5157836371459
9.424	28.5067097352103	29.4910622627427	27.5552129213795	26.6994221726145	30.436332841729
9.44	28.4293282040856	29.4110087043495	27.4804142306105	26.6239857414405	30.3570889041458
9.456	28.3521567253105	29.3311724515303	27.4058185810649	26.5487624480307	30.2780512858217
9.472	28.2751947286974	29.2515529144085	27.3314254215868	26.4737516901866	30.1992194495845
9.488	28.1984416456064	29.1721495047089	27.2572342025163	26.3989528674112	30.1205928596609
9.504	28.1218969089414	29.0929616357531	27.1832443756858	26.3243653809041	30.042170981672
9.52	28.0455599531454	29.0139887224552	27.1094553944155	26.2499886335566	29.9639532826306
9.536	27.9694302141969	28.9352301813176	27.0358667135098	26.1758220299473	29.8859392309371
9.552	27.8935071296051	28.8566854304265	26.9624777892528	26.1018649763369	29.8081282963758
9.568	27.8177901384063	28.7783538894478	26.8892880794045	26.0281168806638	29.7305199501116
9.584	27.7422786811595	28.7002349796227	26.816297043197	25.9545771525393	29.6531136646864
9.6	27.6669721999424	28.6223281237635	26.7435041413303	25.8812452032424	29.5759089140151
9.616	27.591870138347	28.5446327462491	26.6709088359682	25.8081204457158	29.4989051733825
9.632	27.5169719414757	28.4671482730211	26.5985105907346	25.7352022945608	29.4221019194396
9.648	27.4422770559373	28.3898741315792	26.5263088707091	25.6624901660326	29.3454986301998
9.664	27.3677849298427	28.3128097509774	26.4543031424238	25.5899834780358	29.2690947850357
9.68	27.293495012801	28.2359545618193	26.3824928738585	25.5176816501197	29.1928898646754
9.696	27.219406755915	28.1593079962544	26.3108775344374	25.4455841034733	29.1168833511988
9.712	27.145519611778	28.0828694879732	26.2394565950249	25.3736902609214	29.0410747280345
9.728	27.0718330344687	28.006638472204	26.1682295279216	25.3019995469193	28.9654634799559
9.744	26.9983464795482	27.9306143857076	26.0971958068607	25.2305113875484	28.8900490930778
9.76	26.9250594040551	27.8547966667742	26.026354907004	25.1592252105118	28.8148310548531
9.776	26.8519712665022	27.7791847552185	25.9557063049378	25.0881404451295	28.739808854069
9.792	26.7790815268718	27.7037780923759	25.8852494786694	25.0172565223338	28.6649819808438
9.808	26.7063896466123	27.6285761210983	25.8149839076227	24.946572874665	28.5903499266234
9.824	26.6338950886341	27.5535782857499	25.7449090726352	24.8760889362666	28.5159121841775
9.84	26.5615973173053	27.4787840322032	25.6750244559533	24.8058041428809	28.4416682475967
9.856	26.489495798448	27.4041928078351	25.605329541229	24.7357179318444	28.3676176122887
9.872	26.4175899993346	27.3298040615222	25.5358238135159	24.6658297420836	28.2937597749748
9.888	26.3458793886832	27.2556172436375	25.4665067592653	24.5961390141098	28.2200942336869
9.904	26.2743634366543	27.1816318060456	25.3973778663228	24.5266451900154	28.1466204877637
9.92	26.2030416148467	27.1078472020995	25.3284366239239	24.4573477134691	28.0733380378473
9.936	26.1319133962935	27.0342628866356	25.2596825226909	24.3882460297114	28.0002463858801
9.952	26.060978255458	26.9608783159704	25.1911150546286	24.3193395855501	27.9273450351012
9.968	25.9902356682304	26.8876929478962	25.1227337131208	24.2506278293562	27.854633490043
9.984	25.9196851119234	26.814706241677	25.0545379929266	24.1821102110591	27.7821112565279
10	25.8493260652687	26.7419176580448	24.9865273901765	24.1137861821425	27.7097778416651
10.016	25.7791580084129	26.6693266591953	24.9187014023687	24.0456551956397	27.6376327538468
10.032	25.7091804229137	26.5969327087843	24.8510595283655	23.9777167061296	27.5656755027455
10.048	25.6393927917361	26.5247352719231	24.7836012683895	23.909970169732	27.49390559931
10.064	25.5697945992488	26.4527338151754	24.7163261240202	23.8424150441034	27.4223225557627
10.08	25.5003853312198	26.3809278065527	24.6492335981896	23.7750507884327	27.3509258855955
10.096	25.4311644748134	26.3093167155105	24.5823231951793	23.7078768634366	27.2797151035676
10.112	25.3621315185858	26.2379000129446	24.5155944206166	23.6408927313558	27.208689725701
10.128	25.2932859524814	26.1666771711871	24.4490467814706	23.5740978559503	27.1378492692781
10.144	25.2246272678293	26.0956476640022	24.3826797860487	23.5074917024948	27.0671932528381
10.16	25.1561549573394	26.024810966583	24.3164929439931	23.4410737377754	26.9967211961736
10.176	25.0878685150985	25.9541665555467	24.2504857662772	23.3748434300844	26.9264326203275
10.192	25.019767436567	25.8837139089316	24.1846577652015	23.3088002492164	26.8563270475898
10.208	24.9518512185745	25.8134525061927	24.1190084543908	23.2429436664641	26.7864040014941
10.224	24.8841193593166	25.743381828198	24.0535373487898	23.177273154614	26.7166630068147
10.24	24.8165713583512	25.6735013572248	23.9882439646601	23.1117881879423	26.6471035895632
10.256	24.7492067165945	25.6038105769556	23.9231278195763	23.0464882422102	26.577725276985
10.272	24.6820249363175	25.5343089724745	23.8581884324227	22.9813727946606	26.5085275975567
10.288	24.6150255211422	25.4649960302636	23.7934253233894	22.916441324013	26.4395100809824
10.304	24.5482079760382	25.3958712381984	23.728838013969	22.8516933104599	26.3706722581906
10.32	24.4815718073187	25.3269340855452	23.664426026953	22.7871282356624	26.3020136613313
10.336	24.415116522637	25.2581840629562	23.6001888864285	22.7227455827462	26.2335338237723
10.352	24.3488416309832	25.1896206624664	23.5361261177741	22.6585448362972	26.1652322800965
10.368	24.2827466426797	25.1212433774897	23.472237247657	22.5945254823578	26.0971085660986
10.384	24.2168310693786	25.0530517028151	23.4085218040293	22.5306870084223	26.0291622187817
10.4	24.1510944240574	24.985045134603	23.3449793161243	22.4670289034331	25.9613927763546
10.416	24.0855362210158	24.9172231703814	23.2816093144532	22.4035506577767	25.8937997782282
10.432	24.0201559758716	24.8495853090425	23.2184113308019	22.3402517632791	25.8263827650128
10.448	23.9549532055578	24.7821310508384	23.1553848982269	22.2771317132026	25.7591412785146
10.464	23.8899274283185	24.714859897378	23.0925295510525	22.2141900022407	25.6920748617328
10.48	23.8250781637056	24.6477713516231	23.0298448248669	22.151426126515	25.6251830588564
10.496	23.7604049325751	24.5808649178847	22.9673302565191	22.0888395835705	25.5584654152613
10.512	23.6959072570839	24.5141401018191	22.9049853841152	22.026429872372	25.4919214775069
10.528	23.6315846606855	24.4475964104249	22.8428097470152	21.9641964932998	25.4255507933333
10.544	23.5674366681275	24.3812333520387	22.7808028858294	21.9021389481459	25.359352911658
10.56	23.5034628054473	24.3150504363316	22.7189643424152	21.8402567401099	25.293327382573
10.576	23.439662599969	24.2490471743061	22.6572936598737	21.7785493737952	25.2274737573415
10.592	23.3760355802996	24.1832230782918	22.5957903825461	21.7170163552045	25.1617915883954
10.608	23.3125812763258	24.1175776619421	22.5344540560104	21.6556571917368	25.0962804293316
10.624	23.2492992192106	24.0521104402306	22.4732842270786	21.5944713921824	25.0309398349093
10.64	23.1861889413893	23.9868209294475	22.4122804437923	21.5334584667196	24.9657693610469
10.656	23.1232499765667	23.9217086471962	22.3514422554202	21.4726179269109	24.9007685648191
10.672	23.0604818597133	23.8567731123894	22.2907692124547	21.4119492856984	24.8359370044539
10.688	22.9978841270618	23.7920138452457	22.2302608666081	21.3514520574008	24.7712742393291
10.704	22.935456316104	23.727430367286	22.1699167708097	21.2911257577086	24.7067798299702
10.72	22.8731979655868	23.6630222013303	22.1097364792022	21.2309699036809	24.6424533380465
10.736	22.8111086155097	23.5987888714938	22.049719547139	21.1709840137414	24.5782943263688
10.752	22.7491878071206	23.5347299031833	21.9898655311801	21.1111676076741	24.514302358886
10.768	22.6874350829125	23.470844823094	21.9301739890893	21.0515202066201	24.4504770006825
10.784	22.6258499866206	23.4071331592061	21.8706444798309	20.9920413330734	24.3868178179748
10.8	22.5644320632185	23.3435944407807	21.8112765635665	20.932730510877	24.323324378109
10.816	22.503180858915	23.280228198357	21.7520698016515	20.8735872652195	24.2599962495575
10.832	22.4420959211507	23.2170339637486	21.693023756632	20.8146111226309	24.1968330019164
10.848	22.3811767985948	23.1540112700397	21.6341379922416	20.7558016109787	24.1338342059021
10.864	22.3204230411413	23.0911596515823	21.5754120733982	20.6971582594647	24.0709994333491
10.88	22.2598341999065	23.0284786439921	21.5168455662006	20.6386805986208	24.0083282572064
10.896	22.1994098272247	22.9659677841455	21.4584380379256	20.5803681603053	23.9458202515348
10.912	22.1391494766458	22.9036266101761	21.4001890570245	20.5222204776992	23.8834749915043
10.928	22.0790527029313	22.8414546614712	21.3420981931201	20.4642370853023	23.8212920533908
10.944	22.0191190620514	22.7794514786683	21.2841650170034	20.4064175189299	23.7592710145735
10.96	21.9593481111818	22.7176166036521	21.2263891006305	20.3487613157086	23.697411453532
10.976	21.8997394086999	22.6559495795506	21.1687700171196	20.2912680140729	23.6357129498432
10.992	21.8402925141821	22.5944499507322	21.1113073407473	20.2339371537614	23.5741750841787
11.008	21.7810069884004	22.5331172628019	21.0540006469463	20.176768275813	23.5127974383019
11.024	21.7218823933189	22.4719510625984	20.9968495123013	20.1197609225634	23.4515795950651
11.04	21.6629182920908	22.4109508981902	20.9398535145468	20.0629146376416	23.3905211384066
11.056	21.6041142490553	22.3501163188729	20.8830122325632	20.0062289659657	23.329621653348
11.072	21.5454698297339	22.2894468751652	20.8263252463743	19.9497034537398	23.2688807259915
11.088	21.4869846008277	22.2289421188063	20.7697921371437	19.8933376484501	23.2082979435166
11.104	21.4286581302139	22.1686016027519	20.713412487172	19.8371310988612	23.1478728941779
11.12	21.3704899869429	22.1084248811713	20.6571858798938	19.7810833550129	23.087605167302
11.136	21.3124797412346	22.048411509444	20.6011118998743	19.725193968216	23.0274943532844
11.152	21.2546269644757	21.9885610441565	20.5451901328065	19.6694624910493	22.9675400435875
11.168	21.1969312292164	21.9288730430988	20.4894201655078	19.6138884773555	22.9077418307371
11.184	21.1393921091672	21.8693470652615	20.4338015859175	19.5584714822381	22.84809930832
11.2	21.0820091791957	21.809982670832	20.3783339830934	19.5032110620575	22.7886120709809
11.216	21.0247820153236	21.7507794211919	20.3230169472085	19.4481067744275	22.7292797144204
11.232	20.9677101947234	21.6917368789132	20.2678500695486	19.3931581782118	22.6701018353911
11.248	20.9107932957155	21.6328546077554	20.2128329425088	19.3383648335207	22.6110780316959
11.264	20.8540308977648	21.5741321726622	20.1579651595908	19.2837263017072	22.5522079021849
11.28	20.7974225814779	21.5155691397582	20.1032463153995	19.2292421453635	22.4934910467523
11.296	20.7409679285996	21.4571650763458	20.0486760056404	19.174911928318	22.4349270663343
11.312	20.6846665220104	21.3989195509019	19.9942538271164	19.1207352156313	22.376515562906
11.328	20.6285179457227	21.3408321330749	19.939979377725	19.0667115735927	22.3182561394787
11.344	20.5725217848785	21.2829023936812	19.8858522564551	19.0128405697171	22.2601484000976
11.36	20.5166776257455	21.2251299047023	19.8318720633842	18.9591217727414	22.2021919498385
11.376	20.4609850557148	21.1675142392817	19.7780383996752	18.9055547526207	22.1443863948055
11.392	20.4054436632975	21.1100549717214	19.724350867574	18.8521390805256	22.0867313421283
11.408	20.3500530381214	21.052751677479	19.6708090704058	18.7988743288378	22.0292263999595
11.424	20.2948127709287	20.9956039331646	19.617412612573	18.7457600711476	21.9718711774718
11.44	20.2397224535721	20.9386113165376	19.5641610995514	18.6927958822498	21.9146652848556
11.456	20.1847816790126	20.8817734065035	19.5110541378881	18.6399813381408	21.8576083333161
11.472	20.1299900413158	20.8250897831108	19.4580913351981	18.5873160160147	21.8006999350707
11.488	20.0753471356493	20.7685600275482	19.4052723001615	18.5347994942606	21.7439397033467
11.504	20.0208525582798	20.7121837221409	19.3525966425207	18.4824313524583	21.6873272523781
11.52	19.9665059065696	20.6559604503483	19.3000639730774	18.430211171376	21.6308621974034
11.536	19.9123067789743	20.5998897967602	19.2476739036897	18.3781385329659	21.574544154663
11.552	19.8582547750393	20.5439713470942	19.1954260472695	18.3262130203617	21.5183727413961
11.568	19.804349495397	20.4882046881922	19.1433200177794	18.2744342178748	21.4623475758389
11.584	19.7505905417641	20.432589408018	19.0913554302298	18.222801710991	21.4064682772212
11.6	19.6969775169382	20.3771250956536	19.0395319006763	18.1713150863674	21.3507344657644
11.616	19.6435100247952	20.3218113412965	18.9878490462165	18.1199739318288	21.2951457626785
11.632	19.5901876702863	20.2666477362567	18.9363064849876	18.0687778363648	21.2397017901598
11.648	19.5370100594351	20.2116338729535	18.8849038361633	18.017726390126	21.1844021713884
11.664	19.4839767993346	20.1567693449126	18.833640719951	17.9668191844212	21.1292465305253
11.68	19.4310874981442	20.1020537467631	18.7825167575892	17.9160558117137	21.0742344927101
11.696	19.3783417650873	20.0474866742344	18.7315315713443	17.8654358656186	21.0193656840583
11.712	19.3257392104477	19.9930677241534	18.6806847845083	17.8149589408987	20.9646397316589
11.728	19.2732794455674	19.9387964944413	18.6299760213957	17.7646246334622	20.9100562635719
11.744	19.2209620828431	19.8846725841109	18.5794049073407	17.7144325403588	20.8556149088256
11.76	19.1687867357239	19.8306955932633	18.5289710686946	17.6643822597768	20.8013152974142
11.776	19.1167530187081	19.7768651230853	18.4786741328231	17.6144733910396	20.747157060295
11.792	19.0648605473405	19.7231807758461	18.4285137281031	17.5647055346029	20.6931398293866
11.808	19.0131089382093	19.6696421548947	18.3784894839206	17.5150782920511	20.6392632375656
11.824	18.9614978089438	19.6162488646568	18.3286010306675	17.4655912660944	20.5855269186646
11.84	18.9100267782109	19.5630005106317	18.278847999739	17.4162440605654	20.5319305074693
11.856	18.8586954657129	19.5098966993898	18.2292300235308	17.367036280416	20.4784736397166
11.872	18.8075034921843	19.4569370385694	18.1797467354366	17.3179675317145	20.4251559520915
11.888	18.7564504793892	19.4041211368737	18.1303977698451	17.2690374216419	20.3719770822253
11.904	18.7055360501183	19.3514486040683	18.0811827621377	17.2202455584893	20.3189366686923
11.92	18.6547598281863	19.2989190509781	18.0321013486854	17.1715915516545	20.2660343510082
11.936	18.604121438429	19.2465320894842	17.9831531668461	17.1230750116387	20.2132697696271
11.952	18.5536205067007	19.1942873325214	17.9343378549625	17.0746955500439	20.160642565939
11.968	18.5032566598713	19.1421843940751	17.8856550523586	17.0264527795693	20.108152382268
11.984	18.4530295258234	19.0902228891788	17.8371043993378	16.9783463140084	20.0557988618692
12	18.4029387334499	19.0384024339106	17.7886855371796	16.9303757682458	20.0035816489264
12.016	18.352983912651	18.986722645391	17.7403981081375	16.8825407582544	19.9515003885501
12.032	18.3031646943315	18.9351831417798	17.692241755436	16.834840901092	19.8995547267747
12.048	18.2534807103982	18.8837835422733	17.6442161232679	16.7872758148983	19.8477443105559
12.064	18.2039315937571	18.8325234671015	17.5963208567922	16.7398451188922	19.7960687877689
12.08	18.1545169783104	18.7814025375252	17.5485556021308	16.692548433368	19.7445278072056
12.096	18.1052364989545	18.7304203758333	17.5009200063664	16.6453853796932	19.6931210185724
12.112	18.0560897915766	18.6795766053402	17.4534137175396	16.598355580305	19.6418480724875
12.128	18.0070764930523	18.6288708503825	17.4060363846463	16.5514586587072	19.5907086204789
12.144	17.9581962412429	18.5783027363168	17.3587876576355	16.5046942394675	19.539702314982
12.16	17.909448674993	18.5278718895166	17.3116671874061	16.4580619482143	19.4888288093367
12.176	17.8608334341271	18.4775779373695	17.2646746258047	16.4115614116339	19.4380877577859
12.192	17.8123501594478	18.4274205082747	17.2178096256232	16.3651922574671	19.3874788154726
12.208	17.7639984927325	18.3773992316401	17.1710718405958	16.3189541145066	19.3370016384375
12.224	17.715778076731	18.3275137378794	17.1244609253965	16.2728466125939	19.2866558836171
12.24	17.667688555163	18.2777636584097	17.077976535637	16.2268693826164	19.2364412088407
12.256	17.6197295727153	18.2281486256486	17.0316183278636	16.1810220565044	19.186357272829
12.272	17.5719007750391	18.1786682730115	16.9853859595551	16.1353042672279	19.1364037351908
12.288	17.5242018087475	18.1293222349088	16.93927908912	16.0897156487942	19.0865802564213
12.304	17.4766323214129	18.0801101467436	16.8932973758938	16.0442558362446	19.0368864978998
12.32	17.4291919615644	18.0310316449083	16.8474404801372	15.9989244656515	18.9873221218869
12.336	17.3818803786852	17.9820863667825	16.8017080630328	15.9537211741155	18.9378867915229
12.352	17.3346972232098	17.9332739507301	16.7560997866829	15.9086455997626	18.8885801708248
12.368	17.2876421465217	17.8845940360968	16.7106153141073	15.8636973817413	18.8394019246847
12.384	17.2407148009508	17.8360462632071	16.6652543092403	15.8188761602195	18.7903517188669
12.4	17.1939148397706	17.787630273362	16.6200164369285	15.7741815763818	18.7414292200061
12.416	17.1472419171959	17.739345708836	16.5749013629282	15.7296132724268	18.6926340956048
12.432	17.1006956883802	17.6911922128749	16.5299087539033	15.6851708915637	18.6439660140313
12.448	17.0542758094129	17.6431694296926	16.4850382774221	15.64085407801	18.5954246445173
12.464	17.0079819373171	17.5952770044691	16.4402896019557	15.5966624769884	18.5470096571557
12.48	16.9618137300467	17.5475145833473	16.3956623968749	15.552595734724	18.4987207228984
12.496	16.9157708464844	17.4998818134308	16.351156332448	15.5086534984413	18.4505575135539
12.512	16.8698529464386	17.4523783427812	16.3067710798384	15.4648354163618	18.4025197017852
12.528	16.8240596906413	17.4050038204152	16.2625063111022	15.4211411377005	18.3546069611076
12.544	16.7783907407453	17.3577578963024	16.2183616991857	15.377570312664	18.3068189658864
12.56	16.7328457593221	17.3106402213625	16.1743369179228	15.3341225924469	18.2591553913347
12.576	16.6874244098589	17.263650447463	16.130431642033	15.2907976292293	18.2116159135113
12.592	16.6421263567564	17.216788227416	16.0866455471186	15.2475950761742	18.1642002093184
12.608	16.5969512653264	17.1700532149764	16.0429783096626	15.2045145874244	18.1169079564993
12.624	16.5518988017891	17.1234450648388	15.9994296070261	15.1615558181	18.0697388336364
12.64	16.5069686332708	17.0769634326352	15.9559991174462	15.1187184242954	18.022692520149
12.656	16.4621604278015	17.0306079749323	15.9126865200331	15.0760020630768	17.975768696291
12.672	16.4174738543121	16.9843783492292	15.8694914947683	15.0334063924792	17.9289670431488
12.688	16.3729085826323	16.9382742139547	15.826413722502	14.9909310715039	17.882287242639
12.704	16.3284642834881	16.8922952284646	15.7834528849506	14.9485757601155	17.8357289775067
12.72	16.2841406284992	16.8464410530395	15.7406086646945	14.9063401192396	17.7892919313226
12.736	16.2399372901768	16.8007113488823	15.6978807451758	14.8642238107595	17.7429757884815
12.752	16.1958539419211	16.7551057781154	15.6552688106958	14.8222264975141	17.6967802341998
12.768	16.1518902580186	16.7096240037784	15.612772546413	14.7803478432946	17.6507049545137
12.784	16.1080459136403	16.6642656898256	15.5703916383403	14.7385875128425	17.6047496362764
12.8	16.0643205848386	16.6190305011235	15.528125773343	14.6969451718463	17.5589139671569
12.816	16.0207139485456	16.5739181034484	15.4859746391364	14.655420486939	17.5131976356369
12.832	15.9772256825702	16.5289281634836	15.4439379242834	14.6140131256957	17.4676003310096
12.848	15.9338554655958	16.4840603488175	15.4020153181926	14.5727227566305	17.4221217433769
12.864	15.8906029771781	16.4393143279405	15.3602065111152	14.5315490491944	17.3767615636477
12.88	15.8474678977428	16.3946897702433	15.3185111941438	14.490491673772	17.3315194835354
12.896	15.8044499085828	16.3501863460137	15.2769290592091	14.4495503016795	17.2863951955564
12.912	15.7615486918562	16.3058037264347	15.2354597990782	14.4087246051613	17.2413883930273
12.928	15.7187639305842	16.2615415835816	15.1941031073522	14.3680142573884	17.1964987700635
12.944	15.676095308648	16.2173995904202	15.1528586784639	14.3274189324549	17.1517260215766
12.96	15.6335425107872	16.1733774208038	15.1117262076756	14.2869383053757	17.1070698432726
12.976	15.5911052225969	16.1294747494712	15.0707053910766	14.246572052084	17.0625299316498
12.992	15.5487831305261	16.0856912520439	15.0297959255815	14.2063198494287	17.0181059839966
13.008	15.5065759218744	16.0420266050242	14.9889975089275	14.1661813751715	16.9737976983896
13.024	15.4644832847907	15.9984804857922	14.9483098396721	14.1261563079847	16.9296047736915
13.04	15.42250490827	15.9550525726041	14.9077326171913	14.0862443274485	16.8855269095489
13.056	15.3806404821519	15.9117425445892	14.8672655416771	14.0464451140484	16.8415638063906
13.072	15.3388896971177	15.8685500817481	14.8269083141353	14.0067583491726	16.7977151654252
13.088	15.2972522446884	15.8254748649496	14.7866606363832	13.9671837151094	16.7539806886395
13.104	15.2557278172223	15.7825165759292	14.7465222110478	13.9277208950451	16.7103600787958
13.12	15.214316107913	15.7396748972862	14.7064927415631	13.8883695730607	16.6668530394306
13.136	15.1730168107868	15.6969495124813	14.6665719321682	13.8491294341302	16.6234592748521
13.152	15.1318296207005	15.6543401058347	14.6267594879049	13.8100001641174	16.5801784901385
13.168	15.0907542333392	15.6118463625235	14.5870551146159	13.7709814497738	16.5370103911357
13.184	15.0497903452143	15.5694679685791	14.5474585189423	13.7320729787358	16.4939546844557
13.2	15.0089376536608	15.5272046108856	14.5079694083215	13.6932744395225	16.4510110774741
13.216	14.9681958568353	15.4850559771766	14.4685874909851	13.6545855215329	16.4081792783285
13.232	14.9275646537138	15.4430217560337	14.4293124759566	13.6160059150439	16.3654589959164
13.248	14.8870437440895	15.4011016368837	14.3901440730494	13.577535311207	16.3228499398932
13.264	14.8466328285703	15.3592953099965	14.3510819928647	13.5391734020468	16.2803518206702
13.28	14.8063316085771	15.3176024664827	14.3121259467893	13.5009198804577	16.2379643494128
13.296	14.7661397863411	15.2760227982914	14.2732756469932	13.462774440202	16.1956872380382
13.312	14.7260570649017	15.2345559982079	14.234530806428	13.4247367759071	16.1535201992138
13.328	14.6860831481047	15.1932017598515	14.1958911388243	13.3868065830633	16.1114629463551
13.344	14.6462177405996	15.1519597776731	14.1573563586899	13.3489835580212	16.0695151936236
13.36	14.6064605478376	15.1108297469531	14.1189261813075	13.3112673979895	16.0276766559253
13.376	14.5668112760695	15.0698113637989	14.0806003227326	13.2736578010321	15.9859470489082
13.392	14.5272696323436	15.028904325143	14.0423784997916	13.2361544660662	15.9443260889607
13.408	14.4878353245033	14.9881083287404	14.0042604300796	13.1987570928596	15.9028134932098
13.424	14.4485080611851	14.9474230731667	13.9662458319582	13.1614653820286	15.8614089795186
13.44	14.4092875518163	14.9068482578158	13.9283344245534	13.1242790350349	15.8201122664851
13.456	14.3701735066132	14.8663835828972	13.8905259277539	13.0871977541842	15.7789230734399
13.472	14.3311656365784	14.8260287494345	13.8528200622085	13.0502212426229	15.7378411204443
13.488	14.2922636534993	14.785783459263	13.8152165493245	13.0133492043365	15.6968661282884
13.504	14.2534672699455	14.7456474150269	13.7777151112653	12.9765813441465	15.6559978184894
13.52	14.2147761992667	14.7056203201781	13.7403154709486	12.9399173677086	15.6152359132893
13.536	14.176190155591	14.665701878973	13.7030173520441	12.9033569815101	15.5745801356535
13.552	14.1377088538222	14.6258917964713	13.6658204789718	12.8668998928677	15.5340302092687
13.568	14.0993320096383	14.5861897785327	13.6287245768996	12.8305458099247	15.4935858585409
13.584	14.0610593394889	14.546595531816	13.5917293717415	12.7942944416495	15.4532468085936
13.6	14.0228905605932	14.5071087637758	13.5548345901554	12.7581454978324	15.413012785266
13.616	13.9848253909383	14.467729182661	13.5180399595414	12.7220986890837	15.3728835151113
13.632	13.9468635492767	14.4284564975124	13.4813452080393	12.6861537268316	15.3328587253943
13.648	13.9090047551242	14.3892904181608	13.4447500645272	12.6503103233193	15.2929381440901
13.664	13.8712487287581	14.3502306552243	13.4082542586188	12.6145681916033	15.2531214998822
13.68	13.8335951912151	14.3112769201069	13.3718575206621	12.5789270455507	15.21340852216
13.696	13.7960438642889	14.2724289249958	13.3355595817368	12.5433865998369	15.173798941018
13.712	13.7585944705287	14.2336863828595	13.2993601736527	12.5079465699437	15.1342924872532
13.728	13.7212467332366	14.1950490074455	13.2632590289476	12.4726066721567	15.0948888923634
13.744	13.6840003764658	14.1565165132788	13.2272558808854	12.4373666235631	15.0555878885456
13.76	13.6468551250188	14.1180886156587	13.1913504634539	12.4022261420494	15.016389208694
13.776	13.6098107044448	14.0797650306578	13.1555425113631	12.3671849462991	14.9772925863983
13.792	13.5728668410383	14.0415454751191	13.1198317600431	12.3322427557908	14.9382977559417
13.808	13.5360232618365	14.0034296666546	13.0842179456422	12.2973992907954	14.8994044522993
13.824	13.4992796946178	13.9654173236424	13.0487008050248	12.2626542723743	14.8606124111364
13.84	13.4626358678993	13.9275081652254	13.0132800757698	12.228007422377	14.8219213688061
13.856	13.4260915109353	13.8897019113088	12.9779554961684	12.1934584634389	14.7833310623483
13.872	13.3896463537149	13.851998282558	12.9427268052219	12.1590071189789	14.7448412294874
13.888	13.3533001269601	13.8143970003968	12.9075937426405	12.1246531131976	14.7064516086306
13.904	13.317052562124	13.7768977870051	12.8725560488407	12.0903961710747	14.6681619388663
13.92	13.2809033913885	13.739500365317	12.8376134649438	12.0562360183669	14.6299719599622
13.936	13.2448523476626	13.7022044590187	12.8027657327737	12.0221723816059	14.5918814123634
13.952	13.2088991645803	13.6650097925465	12.7680125948551	11.9882049880959	14.5538900371909
13.968	13.1730435764988	13.6279160910845	12.7333537944117	11.9543335659116	14.5159975762398
13.984	13.137285318496	13.590923080563	12.6987890753643	11.9205578438961	14.4782037719772
14	13.1016241263693	13.5540304876563	12.6643181823286	11.8868775516586	14.440508367541
14.016	13.0660597366331	13.5172380397804	12.6299408606137	11.8532924195721	14.4029111067377
14.032	13.0305918865171	13.4805454650914	12.5956568562201	11.8198021787716	14.3654117340407
14.048	12.9952203139644	13.4439524924834	12.5614659158377	11.7864065611517	14.3280099945891
14.064	12.9599447576291	13.4074588515863	12.527367786844	11.7531052993644	14.2907056341851
14.08	12.9247649568751	13.3710642727638	12.4933622173022	11.7198981268172	14.253498399293
14.096	12.8896806517736	13.3347684871118	12.4594489559595	11.6867847776708	14.2163880370371
14.112	12.8546915831014	13.2985712264559	12.4256277522451	11.6537649868369	14.1793742952002
14.128	12.8197974923391	13.2624722233499	12.3918983562683	11.6208384899762	14.1424569222216
14.144	12.7849981216688	13.2264712110733	12.3582605188168	11.5880050234965	14.1056356671957
14.16	12.7502932139726	13.1905679236299	12.3247139913548	11.5552643245499	14.06891027987
14.176	12.7156825128307	13.1547620957453	12.291258526021	11.5226161310317	14.0322805106439
14.192	12.6811657625189	13.1190534628653	12.2578938756272	11.4900601815773	13.9957461105662
14.208	12.6467427080077	13.0834417611539	12.2246197936559	11.4575962155608	13.9593068313343
14.224	12.6124130949596	13.0479267274912	12.191436034259	11.4252239730925	13.9229624252916
14.24	12.5781766697274	13.0125080994715	12.1583423522557	11.3929431950172	13.8867126454269
14.256	12.5440331793526	12.9771856154015	12.1253385031305	11.3607536229117	13.8505572453715
14.272	12.5099823715634	12.9419590142983	12.092424243032	11.3286549990831	13.8144959793986
14.288	12.4760239947726	12.9068280358871	12.0595993287705	11.2966470665665	13.7785286024209
14.304	12.442157798076	12.8717924206002	12.0268635178165	11.2647295691231	13.7426548699894
14.32	12.4083835312506	12.8368519095739	11.994216568299	11.232902251238	13.7068745382915
14.336	12.3747009447526	12.8020062446476	11.9616582390033	11.2011648581184	13.6711873641492
14.352	12.3411097897154	12.7672551683613	11.9291882893696	11.1695171356911	13.635593105018
14.368	12.3076098179482	12.732598423954	11.8968064794911	11.1379588306009	13.6000915189845
14.384	12.2742007819337	12.6980357553615	11.8645125701123	11.1064896902086	13.5646823647653
14.4	12.2408824348266	12.6635669072147	11.832306322627	11.0751094625886	13.5293654017054
14.416	12.2076545304517	12.6291916248379	11.8001874990768	11.043817896527	13.4941403897761
14.432	12.174516823302	12.5949096542466	11.7681558621492	11.01261474152	13.4590070895738
14.448	12.1414690685368	12.5607207421457	11.736211175176	10.9814997477713	13.423965262318
14.464	12.1085110219803	12.5266246359277	11.7043532021313	10.9504726661905	13.3890146698501
14.48	12.0756424401192	12.4926210836709	11.6725817076299	10.9195332483909	13.3541550746316
14.496	12.0428630801015	12.4587098341372	11.6408964569256	10.8886812466877	13.3193862397423
14.512	12.0101726997342	12.4248906367707	11.6092972159094	10.8579164140958	13.2847079288788
14.528	11.9775710574819	12.3911632416956	11.5777837511079	10.8272385043279	13.2501199063531
14.544	11.9450579124647	12.3575273997144	11.5463558296812	10.7966472717928	13.2156219370909
14.56	11.9126330244568	12.3239828623059	11.5150132194217	10.7661424715929	13.1812137866296
14.576	11.8802961538841	12.2905293816237	11.483755688752	10.7357238595226	13.1468952211174
14.592	11.8480470618233	12.2571667104941	11.4525830067234	10.7053911920665	13.1126660073112
14.608	11.8158855099993	12.2238946024143	11.421494943014	10.675144226397	13.0785259125752
14.624	11.7838112607839	12.1907128115507	11.3904912679272	10.6449827203726	13.0444747048792
14.64	11.751824077194	12.1576210927371	11.3595717523899	10.614906432536	13.0105121527973
14.656	11.7199237228897	12.1246192014726	11.3287361679508	10.5849151221121	12.9766380255059
14.672	11.6881099621728	12.0917068939201	11.2979842867787	10.5550085490062	12.9428520927827
14.688	11.6563825599848	12.0588839269045	11.267315881661	10.5251864738017	12.9091541250044
14.704	11.6247412819051	12.0261500579106	11.2367307260016	10.4954486577586	12.8755438931458
14.72	11.5931858941498	11.9935050450817	11.2062285938197	10.4657948628116	12.842021168778
14.736	11.5617161635694	11.9609486472174	11.1758092597479	10.4362248515677	12.8085857240668
14.752	11.5303318576471	11.9284806237723	11.1454724990305	10.4067383873048	12.7752373317711
14.768	11.4990327444977	11.8961007348538	11.115218087522	10.3773352339697	12.7419757652416
14.784	11.467818592865	11.8638087412204	11.0850458016852	10.3480151561761	12.7088007984189
14.8	11.436689172121	11.8316044042803	11.0549554185898	10.3187779192025	12.6757122058324
14.816	11.4056442522633	11.7994874860892	11.0249467159106	10.2896232889911	12.6427097625983
14.832	11.3746836039141	11.7674577493485	10.9950194719259	10.2605510321449	12.6097932444185
14.848	11.3438069983182	11.7355149574042	10.965173465516	10.2315609159267	12.5769624275788
14.864	11.3130142073414	11.7036588742442	10.9354084761611	10.2026527082566	12.5442170889475
14.88	11.2823050034687	11.6718892644975	10.9057242839404	10.1738261777106	12.5115570059737
14.896	11.2516791598026	11.6402058934318	10.8761206695299	10.1450810935186	12.4789819566862
14.912	11.2211364500617	11.6086085269518	10.8465974142007	10.1164172255622	12.4464917196915
14.928	11.1906766485788	11.5770969315981	10.8171542998182	10.0878343443736	12.4140860741725
14.944	11.1602995302992	11.5456708745446	10.7877911088394	10.0593322211331	12.3817647998872
14.96	11.1300048707792	11.5143301235974	10.7585076243121	10.0309106276675	12.349527677167
14.976	11.0997924461842	11.4830744471929	10.7293036298729	10.0025693364484	12.317374486915
14.992	11.0696620332874	11.4519036143961	10.7001789097458	9.97430812059008	12.285305010605
15.008	11.0396134094677	11.4208173948989	10.6711332487406	9.94612675384803	12.2533190302797
15.024	11.0096463527087	11.389815559018	10.6421664322509	9.91802501061689	12.221416328549
15.04	10.9797606415962	11.3588978776942	10.6132782462533	9.89000266592873	12.1895966885893
15.056	10.9499560553173	11.3280641224895	10.584468477305	9.86205949545126	12.1578598941411
15.072	10.9202323736585	11.2973140655865	10.5557369125428	9.83419527548602	12.126205729508
15.088	10.890589377004	11.2666474797857	10.5270833396812	9.80640978296656	12.0946339795555
15.104	10.8610268463342	11.2360641385048	10.498507547011	9.7787027954567	12.0631444297089
15.12	10.8315445632239	11.2055638157762	10.4700093233977	9.75107409114873	12.0317368659522
15.136	10.802142309841	11.175146286246	10.44158845828	9.72352344886164	12.0004110748268
15.152	10.7728198689446	11.1448113251718	10.413244741668	9.69605064803933	11.9691668434296
15.168	10.7435770238834	11.1145587084212	10.3849779641419	9.66865546874886	11.9380039594121
15.184	10.7144135585945	11.0843882124706	10.3567879168503	9.6413376916787	11.9069222109785
15.2	10.6853292576012	11.0542996144026	10.328674391509	9.61409709813695	11.8759213868844
15.216	10.6563239060119	11.0242926919055	10.3006371803988	9.5869334700496	11.8450012764355
15.232	10.6273972895181	10.9943672232705	10.2726760763646	9.5598465899588	11.814161669486
15.248	10.5985491943934	10.9645229873911	10.2447908728135	9.53283624102108	11.7834023564372
15.264	10.5697794074913	10.9347597637607	10.2169813637136	9.50590220700568	11.7527231282362
15.28	10.5410877162439	10.9050773324713	10.189247343592	9.47904427229272	11.7221237763744
15.296	10.5124739086604	10.875475474212	10.1615886075337	9.45226222187157	11.691604092886
15.312	10.4839377733253	10.8459539702672	10.13400495118	9.4255558413391	11.6611638703466
15.328	10.4554790993973	10.8165126025147	10.1064961707269	9.39892491689792	11.630802901872
15.344	10.427097676607	10.7871511534247	10.0790620629234	9.37236923535472	11.6005209811166
15.36	10.3987932952562	10.7578694060579	10.0517024250706	9.34588858411855	11.5703179022719
15.376	10.3705657462156	10.7286671440637	10.0244170550196	9.3194827511991	11.5401934600655
15.392	10.3424148209238	10.6995441516789	9.99720575117026	9.29315152520502	11.5101474497592
15.408	10.3143403113854	10.6705002137259	9.97006831246969	9.26689469534224	11.480179667148
15.424	10.2863420101696	10.6415351156113	9.94300453841077	9.24071205141225	11.4502899085585
15.44	10.2584197104089	10.6126486433242	9.91601422903066	9.21460338381043	11.4204779708476
15.456	10.230573205797	10.5838405834345	9.88909718490932	9.1885684835244	11.3907436514012
15.472	10.2028022905878	10.5551107230917	9.86225320716803	9.16260714213229	11.3610867481326
15.488	10.1751067595938	10.5264588500228	9.83548209746793	9.13671915180114	11.3315070594813
15.504	10.1474864081844	10.4978847525313	9.80878365800854	9.11090430528517	11.3020043844115
15.52	10.1199410322842	10.4693882194952	9.78215769152634	9.08516239592416	11.2725785224109
15.536	10.0924704283722	10.4409690403654	9.75560400129323	9.05949321764179	11.2432292734893
15.552	10.0650743934796	10.4126270051648	9.72912239111519	9.033896564944	11.2139564381771
15.568	10.0377527251887	10.3843619044859	9.70271266533073	9.00837223291731	11.1847598175241
15.584	10.0105052216311	10.3561735294898	9.67637462880948	8.9829200172272	11.155639213098
15.6	9.98333168148643	10.3280616719043	9.65010808695079	8.95753971411651	11.1265944269833
15.616	9.95623190398088	10.300026124023	9.6239128456822	8.93223112040374	11.0976252617796
15.632	9.92920568888559	10.2720666787027	9.59778871145812	8.90699403348146	11.0687315206006
15.648	9.90225283651522	10.2441831293631	9.57173549125829	8.88182825131471	11.0399130070726
15.664	9.87537314772647	10.2163752699841	9.54575299258642	8.85673357243934	11.0111695253329
15.68	9.84856642391664	10.1886428951054	9.51984102346877	8.83170979596041	10.9825008800292
15.696	9.82183246702211	10.160985799824	9.49399939245269	8.80675672155061	10.9539068763176
15.712	9.7951710795169	10.1334037797933	9.46822790860523	8.78187414944862	10.9253873198614
15.728	9.76858206441127	10.1058966312213	9.44252638151175	8.75706188045752	10.89694201683
15.744	9.74206522525014	10.0784641508692	9.41689462127446	8.73231971594321	10.8685707738974
15.76	9.71562036611175	10.0511061360501	9.39133243851107	8.70764745783281	10.8402733982409
15.776	9.68924729160615	10.0238223846271	9.36583964435336	8.68304490861307	10.8120496975401
15.792	9.66294580687378	9.99661269501192	9.3404160504458	8.65851187132879	10.783899479975
15.808	9.63671571758405	9.9694768661637	9.31506146894415	8.63404814958125	10.7558225542251
15.824	9.61055682993385	9.94241469758718	9.28977571251406	8.60965354752663	10.7278187294682
15.84	9.58446895064616	9.91542598933139	9.26455859432972	8.58532786987446	10.6998878153786
15.856	9.55845188696862	9.88851054198811	9.23940992807245	8.56107092188604	10.6720296221265
15.872	9.53250544667207	9.86166815669041	9.21432952792931	8.53688250937285	10.6442439603761
15.888	9.5066294380492	9.83489863511122	9.1893172085918	8.51276243869508	10.6165306412847
15.904	9.48082366991304	9.80820177946178	9.1643727852544	8.48871051676	10.588889476501
15.92	9.45508795159564	9.78157739249027	9.13949607361326	8.46472655102046	10.5613202781644
15.936	9.42942209294659	9.75502527748028	9.11468688986481	8.44081034947329	10.5338228589033
15.952	9.40382590433166	9.72854523824939	9.08994505070443	8.41696172065787	10.5063970318339
15.968	9.37829919663139	9.70213707914775	9.06527037332508	8.39318047365447	10.479042610559
15.984	9.35284178123964	9.67580060505656	9.04066267541595	8.36946641808284	10.4517594091667
