-1	0.239330219736222	-0.845669373593167	1.74238689724561
-0.998	0.240133361189429	-0.856061328354021	1.76257555218619
-0.996	0.240933078369597	-0.866536458417438	1.78275373002709
-0.994	0.24172932937623	-0.87709469261562	1.80291757196002
-0.992	0.242522071976419	-0.88773594275045	1.82306315614398
-0.99	0.243311263605201	-0.898460103318223	1.84318649766224
-0.988	0.244096861365974	-0.90926705123421	1.86328354849788
-0.986	0.244878822030992	-0.920156645557177	1.88335019752841
-0.984	0.245657102041932	-0.931128727213909	1.90338227053956
-0.982	0.246431657510526	-0.942183118723841	1.92337553025881
-0.98	0.247202444219274	-0.953319623923875	1.94332567640877
-0.978	0.247969417622226	-0.964538027693481	1.96322834578092
-0.976	0.248732532845846	-0.975838095680157	1.98307911232992
-0.974	0.249491744689945	-0.987219574025343	2.00287348728884
-0.972	0.250247007628703	-0.998682189090892	2.02260691930566
-0.97	0.250998275811757	-1.01022564718618	2.04227479460135
-0.968	0.251745503065378	-1.02184963429593	2.06187243714974
-0.966	0.252488642893731	-1.03355381580893	2.08139510887972
-0.964	0.253227648480207	-1.04533783624759	2.10083800989982
-0.962	0.253962472688849	-1.05720131899861	2.12019627874568
-0.96	0.254693068065861	-1.06914386604472	2.13946499265055
-0.958	0.255419386841194	-1.08116505769769	2.15863916783923
-0.956	0.256141380930228	-1.09326445233264	2.17771375984575
-0.954	0.256859001935539	-1.10544158612381	2.19668366385497
-0.952	0.257572201148754	-1.11769597278186	2.21554371506847
-0.95	0.258280929552496	-1.1300271032928	2.234288689095
-0.948	0.258985137822421	-1.14243444565874	2.2529133023658
-0.946	0.259684776329344	-1.15491744464041	2.27141221257492
-0.944	0.260379795141461	-1.16747552150173	2.28978001914502
-0.942	0.261070144026668	-1.18010807375643	2.3080112637187
-0.94	0.261755772454963	-1.19281447491687	2.32610043067582
-0.938	0.262436629600958	-1.20559407424521	2.3440419476768
-0.936	0.263112664346481	-1.21844619650692	2.36183018623248
-0.934	0.263783825283277	-1.23137014172693	2.37945946230041
-0.932	0.264450060715807	-1.24436518494837	2.39692403690816
-0.93	0.265111318664147	-1.25743057599409	2.41421811680354
-0.928	0.265767546866992	-1.27056553923113	2.43133585513223
-0.926	0.266418692784755	-1.28376927333811	2.44827135214285
-0.924	0.267064703602778	-1.29704095107585	2.46501865591975
-0.922	0.267705526234632	-1.31037971906117	2.48157176314366
-0.92	0.268341107325539	-1.32378469754411	2.49792461988052
-0.918	0.268971393255887	-1.33725498018861	2.51407112239852
-0.916	0.269596330144858	-1.35078963385688	2.53000511801354
-0.914	0.270215863854155	-1.36438769839743	2.54572040596335
-0.912	0.270829939991851	-1.37804818643704	2.56121073831039
-0.91	0.27143850391633	-1.39177008317667	2.57646982087363
-0.908	0.272041500740355	-1.40555234619159	2.5914913141894
-0.906	0.272638875335229	-1.41939390523564	2.60626883450145
-0.904	0.273230572335082	-1.43329366204994	2.62079595478028
-0.902	0.273816536141263	-1.44725049017612	2.63506620577192
-0.9	0.274396710926844	-1.46126323477412	2.64907307707627
-0.898	0.274971040641241	-1.47533071244483	2.66281001825503
-0.896	0.275539469014947	-1.48945171105755	2.6762704399693
-0.894	0.276101939564382	-1.50362498958253	2.68944771514704
-0.892	0.276658395596855	-1.51784927792866	2.70233518018034
-0.89	0.277208780215645	-1.53212327678637	2.71492613615255
-0.888	0.277753036325201	-1.54644565747605	2.72721385009543
-0.886	0.278291106636452	-1.56081506180196	2.73919155627619
-0.884	0.278822933672242	-1.57523010191176	2.75085245751457
-0.882	0.279348459772886	-1.58968936016199	2.76218972652995
-0.88	0.279867627101831	-1.60419138898934	2.77319650731839
-0.878	0.280380377651456	-1.61873471078804	2.78386591655971
-0.876	0.280886653248975	-1.63331781779352	2.79419104505454
-0.874	0.281386395562474	-1.64793917197227	2.80416495919122
-0.872	0.281879546107058	-1.66259720491824	2.81378070244275
-0.87	0.282366046251128	-1.67729031775583	2.82303129689331
-0.868	0.282845837222777	-1.69201688104955	2.83190974479478
-0.866	0.283318860116304	-1.7067752347206	2.84040903015274
-0.864	0.283785055898859	-1.72156368797035	2.84852212034212
-0.862	0.284244365417202	-1.73638051921097	2.85624196775224
-0.86	0.284696729404592	-1.75122397600329	2.86356151146127
-0.858	0.285142088487797	-1.76609227500204	2.87047367893976
-0.856	0.285580383194226	-1.78098360190852	2.8769713877833
-0.854	0.286011553959185	-1.79589611143095	2.88304754747403
-0.852	0.286435541133263	-1.81082792725252	2.88869506117084
-0.85	0.286852284989832	-1.82577714200733	2.89390682752805
-0.848	0.287261725732679	-1.84074181726429	2.89867574254248
-0.846	0.287663803503759	-1.85571998351917	2.90299470142849
-0.844	0.288058458391074	-1.87070964019485	2.90685660052098
-0.842	0.288445630436675	-1.88570875564996	2.91025433920591
-0.84	0.288825259644788	-1.90071526719594	2.91318082187822
-0.838	0.289197285990064	-1.91572708112276	2.91562895992678
-0.836	0.289561649425956	-1.9307420727333	2.91759167374618
-0.834	0.289918289893215	-1.94575808638659	2.91906189477494
-0.832	0.290267147328517	-1.96077293554997	2.92003256755987
-0.83	0.290608161673203	-1.97578440286031	2.92049665184633
-0.828	0.290941272882154	-1.99079024019441	2.92044712469391
-0.826	0.29126642093278	-2.00578816874867	2.9198769826172
-0.824	0.291583545834137	-2.02077587912812	2.9187792437514
-0.822	0.291892587636162	-2.03575103144503	2.91714695004217
-0.82	0.292193486439037	-2.05071125542697	2.91497316945947
-0.818	0.292486182402667	-2.06565415053475	2.91225099823493
-0.816	0.29277061575628	-2.08057728608999	2.90897356312225
-0.814	0.293046726808155	-2.09547820141275	2.9051340236803
-0.812	0.293314455955461	-2.11035440596904	2.90072557457831
-0.81	0.29357374369422	-2.12520337952851	2.89574144792278
-0.808	0.293824530629387	-2.14002257233228	2.89017491560558
-0.806	0.29406675748505	-2.15480940527106	2.88401929167267
-0.804	0.294300365114748	-2.16956127007368	2.87726793471302
-0.802	0.294525294511901	-2.18427552950601	2.86991425026713
-0.8	0.294741486820359	-2.19894951758052	2.8619516932545
-0.798	0.294948883345068	-2.21358053977635	2.85337377041971
-0.796	0.295147425562846	-2.22816587327013	2.84417404279627
-0.794	0.295337055133278	-2.24270276717768	2.8343461281878
-0.792	0.295517713909714	-2.25718844280636	2.82388370366588
-0.79	0.295689343950386	-2.27162009391854	2.81278050808388
-0.788	0.295851887529634	-2.28599488700596	2.80103034460624
-0.786	0.296005287149241	-2.30030996157516	2.78862708325243
-0.784	0.296149485549869	-2.31456243044408	2.77556466345494
-0.782	0.296284425722615	-2.32874938004977	2.76183709663068
-0.78	0.296410050920659	-2.34286787076745	2.747438468765
-0.778	0.296526304671028	-2.35691493724071	2.7323629430076
-0.776	0.296633130786453	-2.37088758872322	2.71660476227967
-0.774	0.296730473377333	-2.38478280943171	2.70015825189154
-0.772	0.296818276863798	-2.39859755891041	2.68301782216987
-0.77	0.296896485987873	-2.41232877240707	2.66517797109387
-0.768	0.296965045825733	-2.42597336126029	2.64663328693961
-0.766	0.297023901800059	-2.43952821329862	2.62737845093157
-0.764	0.297072999692489	-2.4529901932511	2.60740823990083
-0.762	0.297112285656156	-2.4663561431694	2.58671752894879
-0.76	0.29714170622832	-2.47962288286171	2.56530129411578
-0.758	0.29716120834309	-2.49278721033813	2.54315461505366
-0.756	0.297170739344229	-2.50584590226781	2.52027267770144
-0.754	0.297170246998052	-2.51879571444777	2.49665077696321
-0.752	0.297159679506399	-2.53163338228335	2.47228431938731
-0.75	0.297138985519693	-2.54435562128037	2.44716882584601
-0.748	0.297108114150079	-2.55695912754901	2.42129993421459
-0.746	0.297067014984639	-2.56944057831934	2.39467340204907
-0.744	0.297015638098685	-2.58179663246851	2.3672851092615
-0.742	0.296953934069119	-2.59402393105964	2.33913106079204
-0.74	0.296881853987872	-2.60611909789236	2.31020738927661
-0.738	0.296799349475409	-2.61807874006493	2.2805103577094
-0.736	0.296706372694296	-2.629899448548	2.25003636209906
-0.734	0.296602876362841	-2.64157779876996	2.21878193411774
-0.732	0.296488813768791	-2.65311035121375	2.18674374374177
-0.73	0.296364138783086	-2.66449365202528	2.15391860188321
-0.728	0.296228805873679	-2.6757242336332	2.12030346301104
-0.726	0.296082770119404	-2.68679861538021	2.08589542776107
-0.724	0.295925987223898	-2.69771330416558	2.05069174553354
-0.722	0.295758413529575	-2.7084647950991	2.01468981707724
-0.72	0.295580006031642	-2.71904957216623	1.97788719705927
-0.718	0.295390722392167	-2.72946410890442	1.94028159661923
-0.716	0.295190520954182	-2.73970486909053	1.90187088590685
-0.714	0.294979360755828	-2.74976830743937	1.86265309660192
-0.712	0.294757201544536	-2.75965087031306	1.82262642441555
-0.71	0.294524003791241	-2.76934899644141	1.7817892315715
-0.708	0.294279728704629	-2.77885911765297	1.74014004926666
-0.706	0.294024338245406	-2.78817765961684	1.69767758010942
-0.704	0.293757795140597	-2.79730104259504	1.65440070053499
-0.702	0.293480062897866	-2.80622568220541	1.61030846319638
-0.7	0.293191105819849	-2.81494799019482	1.56540009933006
-0.698	0.292890889018513	-2.82346437522278	1.51967502109517
-0.696	0.292579378429515	-2.83177124365502	1.47313282388504
-0.694	0.292256540826579	-2.83986500036732	1.42577328861009
-0.692	0.291922343835877	-2.84774204955902	1.37759638395074
-0.69	0.291576755950412	-2.8553987955765	1.32860226857949
-0.688	0.291219746544398	-2.86283164374617	1.27879129335075
-0.686	0.290851285887638	-2.87003700121698	1.22816400345753
-0.684	0.2904713451599	-2.8770112778123	1.17672114055367
-0.682	0.290079896465274	-2.88375088689101	1.12446364484062
-0.68	0.289676912846518	-2.89025224621754	1.07139265711754
-0.678	0.289262368299384	-2.89651177884091	1.01750952079369
-0.676	0.288836237786936	-2.90252591398237	0.962815783861813
-0.674	0.288398497253818	-2.90829108793162	0.907313200831625
-0.672	0.287949123640521	-2.91380374495146	0.851003734622036
-0.67	0.287488094897599	-2.91906033819047	0.793889558411164
-0.668	0.287015389999858	-2.92405733060382	0.735973057442947
-0.666	0.286530988960504	-2.92879119588183	0.677256830789204
-0.664	0.286034872845248	-2.93325841938612	0.617743693066156
-0.662	0.285527023786361	-2.93745549909322	0.557436676104127
-0.66	0.28500742499669	-2.9413789465453	0.496339030569509
-0.658	0.284476060783601	-2.94502528780797	0.434454227537739
-0.656	0.283932916562883	-2.94839106443484	0.371785960016317
-0.654	0.283377978872576	-2.95147283443857	0.308338144416671
-0.652	0.282811235386743	-2.95426717326834	0.244114921973956
-0.65	0.282232674929162	-2.95677067479338	0.179120660113531
-0.648	0.281642287486957	-2.95897995229236	0.113359953763198
-0.646	0.28104006422414	-2.96089163944842	0.0468376266100855
-0.644	0.280425997495077	-2.9625023913496	-0.0204412676988079
-0.642	0.279800080857869	-2.96380888549441	-0.0884714444135269
-0.64	0.279162309087638	-2.96480782280224	-0.157247386596426
-0.638	0.278512678189726	-2.96549592862847	-0.226763344096922
-0.636	0.277851185412794	-2.96586995378393	-0.297013332586612
-0.634	0.277177829261816	-2.96592667555842	-0.367991132655843
-0.632	0.276492609510968	-2.96566289874814	-0.439690288972611
-0.63	0.275795527216414	-2.96507545668662	-0.512104109504822
-0.628	0.275086584728969	-2.96416121227899	-0.585225664806781
-0.626	0.274365785706644	-2.96291705903923	-0.659047787370938
-0.624	0.273633135127078	-2.96133992213009	-0.733563071045663
-0.622	0.272888639299833	-2.95942675940556	-0.808763870520115
-0.62	0.272132305878562	-2.95717456245536	-0.884642300876916
-0.618	0.271364143873044	-2.95458035765133	-0.961190237213641
-0.616	0.270584163661079	-2.95164120719534	-1.03839931433385
-0.614	0.269792377000234	-2.94835421016844	-1.11626092650861
-0.612	0.268988797039452	-2.94471650358091	-1.19476622730916
-0.61	0.268173438330501	-2.940725263423	-1.27390612951174
-0.608	0.26734631683927	-2.93637770571585	-1.35367130507507
-0.606	0.266507449956904	-2.93167108756252	-1.43405218519149
-0.604	0.265656856510774	-2.92660270819857	-1.51503896041237
-0.602	0.264794556775286	-2.92116991004204	-1.59662158084845
-0.6	0.263920572482502	-2.91537007974241	-1.678789756446
-0.598	0.263034926832601	-2.90920064922827	-1.76153295733918
-0.596	0.262137644504144	-2.90265909675326	-1.84484041427954
-0.594	0.261228751664166	-2.89574294794012	-1.92870111914305
-0.592	0.260308275978071	-2.88844977682227	-2.01310382551539
-0.59	0.259376246619336	-2.88077720688289	-2.09803704935611
-0.588	0.258432694279016	-2.87272291209081	-2.18348906974197
-0.586	0.257477651175048	-2.86428461793315	-2.26944792969037
-0.584	0.25651115106135	-2.85546010244421	-2.35590143706298
-0.582	0.255533229236706	-2.84624719723025	-2.44283716555036
-0.58	0.254543922553442	-2.83664378848996	-2.5302424557378
-0.578	0.253543269425879	-2.82664781803004	-2.61810441625292
-0.576	0.252531309838566	-2.81625728427575	-2.70640992499543
-0.574	0.251508085354286	-2.80547024327589	-2.79514563044928
-0.572	0.250473639121831	-2.794284809702	-2.88429795307778
-0.57	0.249428015883545	-2.78269915784132	-2.97385308680178
-0.568	0.248371261982623	-2.7707115225832	-3.06379700056126
-0.566	0.247303425370174	-2.75832020039851	-3.1541154399607
-0.564	0.246224555612033	-2.74552355031189	-3.24479392899825
-0.562	0.245134703895327	-2.73231999486618	-3.3358177718791
-0.56	0.244033923034783	-2.71870802107894	-3.42717205491302
-0.558	0.242922267478777	-2.70468618139048	-3.51884164849641
-0.556	0.241799793315129	-2.69025309460324	-3.61081120917878
-0.554	0.240666558276624	-2.67540744681189	-3.70306518181384
-0.552	0.239522621746269	-2.66014799232407	-3.79558780179517
-0.55	0.238368044762274	-2.64447355457116	-3.88836309737661
-0.548	0.237202890022758	-2.6283830270089	-3.98137489207715
-0.546	0.236027221890176	-2.6118753740073	-4.07460680717045
-0.544	0.234841106395464	-2.59494963172968	-4.16804226425876
-0.542	0.233644611241885	-2.57760490900033	-4.26166448793122
-0.54	0.232437805808605	-2.55984038816043	-4.35545650850635
-0.538	0.231220761153953	-2.54165532591192	-4.44940116485849
-0.536	0.229993550018402	-2.523049054149	-4.54348110732808
-0.534	0.228756246827237	-2.50402098077669	-4.63767880071543
-0.532	0.227508927692922	-2.48457059051637	-4.73197652735768
-0.53	0.226251670417165	-2.46469744569767	-4.82635639028876
-0.528	0.224984554492664	-2.44440118703658	-4.92080031648184
-0.526	0.223707661104547	-2.42368153439921	-5.01529006017391
-0.524	0.222421073131493	-2.40253828755105	-5.10980720627218
-0.522	0.221124875146527	-2.38097132689123	-5.20433317384167
-0.52	0.219819153417506	-2.35898061417141	-5.2988492196736
-0.518	0.218503995907266	-2.33656619319915	-5.39333644193401
-0.516	0.217179492273448	-2.31372819052512	-5.4877757838921
-0.514	0.215845733867993	-2.29046681611407	-5.58214803772757
-0.512	0.214502813736301	-2.26678236399906	-5.67643384841642
-0.51	0.213150826616055	-2.24267521291865	-5.77061371769457
-0.508	0.211789868935703	-2.2181458269367	-5.86466800809844
-0.506	0.210420038812606	-2.19319475604455	-5.9585769470819
-0.504	0.209041436050836	-2.16782263674505	-6.05232063120874
-0.502	0.207654162138629	-2.14203019261829	-6.1458790304199
-0.5	0.206258320245491	-2.11581823486863	-6.23923199237448
-0.498	0.204854015218953	-2.08918766285274	-6.33235924686385
-0.496	0.203441353580973	-2.06213946458828	-6.42524041029775
-0.494	0.202020443523987	-2.03467471724296	-6.51785499026156
-0.492	0.200591394906593	-2.00679458760369	-6.61018239014367
-0.49	0.199154319248893	-1.97850033252543	-6.702201913832
-0.488	0.197709329727457	-1.94979329935954	-6.79389277047854
-0.486	0.196256541169939	-1.92067492636128	-6.88523407933084
-0.484	0.194796070049319	-1.89114674307616	-6.97620487462943
-0.482	0.193328034477791	-1.8612103707049	-7.06678411056977
-0.48	0.191852554200275	-1.83086752244672	-7.15695066632785
-0.478	0.190369750587561	-1.80012000382063	-7.24668335114793
-0.476	0.18887974662909	-1.76896971296447	-7.33596090949137
-0.474	0.187382666925362	-1.73741864091154	-7.4247620262451
-0.472	0.185878637679972	-1.7054688718444	-7.51306533198852
-0.47	0.184367786691269	-1.67312258332567	-7.60084940831745
-0.468	0.18285024334365	-1.64038204650561	-7.68809279322368
-0.466	0.181326138598475	-1.60724962630623	-7.77477398652879
-0.464	0.179795604984604	-1.57372778158159	-7.86087145537067
-0.462	0.178258776588565	-1.53981906525426	-7.94636363974143
-0.46	0.176715789044342	-1.50552612442757	-8.03122895807499
-0.458	0.175166779522784	-1.4708517004734	-8.115445812883
-0.456	0.173611886720641	-1.43579862909555	-8.19899259643733
-0.454	0.172051250849223	-1.40036984036813	-8.28184769649771
-0.452	0.170485013622675	-1.36456835874912	-8.3639895020827
-0.45	0.168913318245886	-1.32839730306869	-8.44539640928254
-0.448	0.167336309402006	-1.29185988649219	-8.52604682711203
-0.446	0.1657541332396	-1.25495941645761	-8.60591918340174
-0.444	0.164166937359413	-1.21769929458739	-8.68499193072595
-0.442	0.162574870800768	-1.18008301657435	-8.76324355236538
-0.44	0.160978084027581	-1.14211417204172	-8.84065256830303
-0.438	0.159376728914001	-1.1037964443769	-8.91719754125122
-0.436	0.157770958729681	-1.06513361053916	-8.99285708270815
-0.434	0.156160928124666	-1.02612954084075	-9.06760985904186
-0.432	0.154546793113913	-0.986788198701674	-9.14143459759998
-0.43	0.152928711061438	-0.947113640377786	-9.21431009284316
-0.428	0.151306840664093	-0.907110014662195	-9.28621521250029
-0.426	0.149681341934966	-0.866781562559874	-9.35712890374365
-0.424	0.148052376186422	-0.826132616935393	-9.42703019938184
-0.422	0.146420106012768	-0.785167602133706	-9.49589822406871
-0.42	0.144784695272558	-0.743891033573905	-9.56371220052605
-0.418	0.143146309070531	-0.702307517315926	-9.63045145577818
-0.416	0.141505113739187	-0.660421749600108	-9.69609542739624
-0.414	0.139861276820001	-0.618238516359619	-9.76062366975035
-0.412	0.138214967044281	-0.575762692705669	-9.82401586026719
-0.41	0.136566354313668	-0.532999242385534	-9.88625180569128
-0.408	0.134915609680278	-0.489953217213354	-9.94731144834757
-0.406	0.133262905326499	-0.446629756473702	-10.0071748724033
-0.404	0.131608414544432	-0.403034086297957	-10.0658223101272
-0.402	0.129952311714987	-0.359171519013457	-10.1232341481431
-0.4	0.128294772286634	-0.315047452465501	-10.1793909336773
-0.398	0.126635972753811	-0.270667369312201	-10.2342733807955
-0.396	0.124976090634996	-0.226036836292254	-10.2878623766291
-0.394	0.123315304450437	-0.18116150346567	-10.3401389875871
-0.392	0.121653793699554	-0.136047103427535	-10.3910844655524
-0.39	0.11999173883801	-0.0906994504948716	-10.4406802540597
-0.388	0.118329321254452	-0.0451244398666842	-10.4889079944533
-0.386	0.116666723246929	0.000671953242711869	-10.5357495320219
-0.384	0.115004127998996	0.0466836744969819	-10.5811869221088
-0.382	0.113341719555495	0.0929045913575736	-10.6252024361953
-0.38	0.111679682798023	0.139328494029897	-10.667778567954
-0.378	0.110018203420094	0.185949096435757	-10.7088980392713
-0.376	0.108357467901999	0.232760037211902	-10.7485438062356
-0.374	0.106697663485354	0.279754880734525	-10.78669906509
-0.372	0.105038978147365	0.326927118169562	-10.8233472581461
-0.37	0.103381600574787	0.374270168548624	-10.8584720796578
-0.368	0.101725720137605	0.421777379870366	-10.8920574816519
-0.366	0.100071526862423	0.469442030227121	-10.9240876797144
-0.364	0.09841921140558	0.517257328956582	-10.9545471587287
-0.362	0.0967689650259835	0.565216417818336	-10.9834206785652
-0.36	0.0951209795576815	0.613312372195019	-11.0106932797189
-0.358	0.0934754473821608	0.661538202317873	-11.0363502888927
-0.356	0.0918325614003914	0.709886854516466	-11.0603773245259
-0.354	0.0901925150046092	0.758351212492313	-11.082760302263
-0.352	0.0885555020498547	0.80692409861616	-11.1034854403634
-0.35	0.0869217168252585	0.855598275248649	-11.1225392650474
-0.348	0.0852913540250964	0.904366446084097	-11.1399086157781
-0.346	0.0836646087195987	0.9532212575171	-11.1555806504766
-0.344	0.0820416763255434	1.00215530003166	-11.1695428506676
-0.342	0.0804227525766108	1.05116110961256	-11.1817830265543
-0.34	0.0788080334935348	1.10023116917859	-11.1922893220199
-0.338	0.0771977153540293	1.14935791003746	-11.2010502195542
-0.336	0.0755919946625194	1.19853371336188	-11.2080545451021
-0.334	0.0739910681196623	1.24775091168662	-11.2132914728334
-0.332	0.0723951325916792	1.2970017904261	-11.2167505298308
-0.33	0.0708043850794986	1.34627858941218	-11.2184216006949
-0.328	0.069219022687715	1.39557350445186	-11.2182949320632
-0.326	0.0676392425933732	1.44487868890439	-11.2163611370422
-0.324	0.0660652420145815	1.49418625527748	-11.2126111995501
-0.322	0.0644972181789634	1.54348827684219	-11.207036478568
-0.32	0.0629353682919502	1.59277678926616	-11.1996287122988
-0.318	0.0613798895049245	1.64204379226465	-11.1903800222304
-0.316	0.0598309788832208	1.69128125126915	-11.1792829171021
-0.314	0.0582888333739855	1.74048109911289	-11.1663302967733
-0.312	0.056753649773911	1.78963523773312	-11.151515455991
-0.31	0.0552256246968419	1.83873553988946	-11.1348320880552
-0.308	0.0537049545412693	1.887773850898	-11.1162742883814
-0.306	0.0521918354577102	1.93674199038067	-11.0958365579567
-0.304	0.0506864633159878	1.98563175402943	-11.073513806689
-0.302	0.0491890336724143	2.03443491538479	-11.0493013566479
-0.3	0.0476997417368865	2.08314322762818	-11.0231949451947
-0.298	0.0462187823398974	2.13174842538776	-10.9951907280008
-0.296	0.0447463498994785	2.18024222655702	-10.9652852819531
-0.294	0.0432826383880682	2.22861633412587	-10.9334756079434
-0.292	0.0418278412993263	2.27686243802358	-10.8997591335432
-0.29	0.0403821516148952	2.32497221697313	-10.8641337155592
-0.288	0.0389457617711135	2.37293734035639	-10.8265976424709
-0.286	0.0375188636256956	2.42074947008971	-10.7871496367472
-0.284	0.036101648424379	2.46840026250925	-10.7457888570419
-0.282	0.0346943067675507	2.51588137026574	-10.7025149002653
-0.28	0.0332970285768592	2.56318444422786	-10.6573278035334
-0.278	0.0319100030618167	2.6103011353939	-10.6102280459902
-0.276	0.0305334186864059	2.65722309681111	-10.5612165505046
-0.274	0.0291674631356915	2.70394198550213	-10.5102946852396
-0.272	0.0278123232824488	2.750449464398	-10.4574642650933
-0.27	0.0264681851538173	2.79673720427718	-10.4027275530101
-0.268	0.0251352338979831	2.84279688571	-10.346087261162
-0.266	0.0238136537509031	2.88862020100798	-10.2875465519983
-0.264	0.0225036280030726	2.93419885617744	-10.2271090391633
-0.262	0.0212053389663549	2.97952457287689	-10.1647787882813
-0.26	0.0199189679408613	3.02458909037746	-10.1005603176081
-0.258	0.0186446951819157	3.06938416752602	-10.0344585985474
-0.256	0.0173826998670863	3.11390158471014	-9.96647905603332
-0.254	0.0161331600633099	3.1581331458246	-9.89662756877665
-0.252	0.0148962526941077	3.20207068023852	-9.82491046937501
-0.25	0.0136721535069024	3.24570604476287	-9.75133454428665
-0.248	0.0124610370404479	3.28903112561746	-9.67590703366701
-0.246	0.0112630765923734	3.33203784039703	-9.59863563106779
-0.244	0.0100784441868549	3.37471814003572	-9.51952848299819
-0.242	0.00890731054241911	3.41706401076936	-9.43859418834805
-0.24	0.00774984503989073	3.45906747609502	-9.35584179767254
-0.238	0.00660621569048558	3.50072059872711	-9.27128081233828
-0.236	0.00547658910406157	3.54201548254953	-9.18492118353071
-0.234	0.00436113045753572	3.58294427456329	-9.09677331112265
-0.232	0.00326000346347444	3.62349916682878	-9.00684804240395
-0.23	0.00217337033886	3.66367239840245	-8.91515667067229
-0.228	0.00110139177404744	3.70345625726694	-8.82171093368514
-0.226	4.42269019174102E-05	3.74284308225423	-8.72652301197304
-0.224	-0.000997966732764421	3.78182526496129	-8.62960552701438
-0.222	-0.00202503320378611	3.82039525165741	-8.53097153927185
-0.22	-0.00303681823369994	3.85854554518276	-8.43063454609078
-0.218	-0.00403316922381158	3.89626870683758	-8.32860847945993
-0.216	-0.00501393528393357	3.93355735826137	-8.22490770363477
-0.214	-0.00597896726189884	3.97040418330142	-8.11954701262398
-0.212	-0.00692811777282443	4.00680192987021	-8.01254162753947
-0.21	-0.00786124122812071	4.04274341179104	-7.90390719381054
-0.208	-0.00877819386423173	4.07822151063126	-7.79365977826275
-0.206	-0.00967883377111178	4.11322917752252	-7.68181586606212
-0.204	-0.0105630209204195	4.14775943496757	-7.5683923575254
-0.202	-0.0114306171934271	4.18180537863282	-7.45340656479709
-0.2	-0.0122814864086356	4.21536017912636	-7.33687620839412
-0.198	-0.0131154943490939	4.24841708376056	-7.21881941361887
-0.196	-0.0139325087894087	4.2809694182989	-7.09925470684162
-0.194	-0.0147323995224395	4.31301058868645	-6.97820101165328
-0.192	-0.0155150383856759	4.34453408276328	-6.85567764488935
-0.19	-0.0162802992872841	4.37553347196043	-6.73170431252635
-0.188	-0.0170280582318223	4.40600241297779	-6.60630110545162
-0.186	-0.0177581933456115	4.43593464944333	-6.4794884951078
-0.184	-0.0184705849017615	4.46532401355321	-6.35128732901308
-0.182	-0.0191651153448424	4.49416442769221	-6.22171882615858
-0.18	-0.0198416693151928	4.52244990603385	-6.09080457228414
-0.178	-0.0205001336728634	4.55017455611984	-5.95856651503372
-0.176	-0.0211403975211863	4.57733258041825	-5.82502695899214
-0.174	-0.021762352229965	4.60391827785984	-5.6902085606042
-0.172	-0.0223658914582767	4.62992604535216	-5.55413432297805
-0.17	-0.0229509111768871	4.65535037927087	-5.4168275905741
-0.168	-0.0235173096902606	4.68018587692767	-5.27831204378115
-0.166	-0.0240649876581738	4.70442723801464	-5.13861169338144
-0.164	-0.0245938481169141	4.72806926602415	-4.9977508749061
-0.162	-0.0251037965000669	4.75110686964418	-4.85575424288301
-0.16	-0.0255947406588797	4.77353506412841	-4.7126467649785
-0.158	-0.0260665908821995	4.79534897264068	-4.56845371603503
-0.156	-0.0265192599159823	4.81654382757334	-4.42320067200646
-0.154	-0.0269526629823595	4.83711497183915	-4.2769135037929
-0.152	-0.0273667177982702	4.85705786013611	-4.12961837097706
-0.15	-0.027761344593638	4.87636806018503	-3.98134171546412
-0.148	-0.028136466129103	4.89504125393922	-3.83211025502701
-0.146	-0.0284920077132897	4.91307323876601	-3.68195097675926
-0.144	-0.0288278972196228	4.93045992859971	-3.53089113043752
-0.142	-0.0291440651026635	4.94719735506551	-3.37895822179574
-0.14	-0.0294404444139906	4.9632816685741	-3.22618000571337
-0.138	-0.0297169708175931	4.97870913938655	-3.07258447931953
-0.136	-0.0299735826047907	4.993476158649	-2.91819987501568
-0.134	-0.0302102207086681	5.00757923939708	-2.76305465341873
-0.132	-0.0304268287180249	5.02101501752943	-2.60717749622717
-0.13	-0.0306233528908271	5.03378025275018	-2.45059729901237
-0.128	-0.0307997421671742	5.04587182947994	-2.29334316393748
-0.126	-0.0309559481817543	5.05728675773517	-2.13544439240627
-0.124	-0.03109192527581	5.0680221739754	-1.97693047764439
-0.122	-0.0312076305085873	5.07807534191821	-1.81783109721548
-0.12	-0.0313030236682854	5.08744365332161	-1.65817610547454
-0.118	-0.0313780672824842	5.09612462873351	-1.4979955259611
-0.116	-0.0314327266280654	5.10411591820818	-1.33731954373476
-0.114	-0.0314669697406111	5.11141530198921	-1.17617849765555
-0.112	-0.0314807674232827	5.11802069115901	-1.01460287261176
-0.11	-0.0314740932551758	5.12393012825443	-0.852623291697726
-0.108	-0.0314469235991508	5.12914178784836	-0.690270508344353
-0.106	-0.0313992376091332	5.13365397709714	-0.52757539840481
-0.104	-0.0313310172368859	5.13746513625355	-0.364568952198176
-0.102	-0.0312422472382488	5.14057383914517	-0.201282266513654
-0.1	-0.0311329151788391	5.14297879361809	-0.0377465365780382
-0.098	-0.0310030114392266	5.1446788419456	0.126006952010875
-0.096	-0.0308525292195576	5.14567296120197	0.289946831382195
-0.094	-0.0306814645436524	5.14596026360091	0.454041659518487
-0.092	-0.0304898162625511	5.1455399967989	0.618259928408188
-0.09	-0.0302775860575268	5.14441154416297	0.782570072221165
-0.088	-0.0300447784425502	5.14257442500316	0.946940475504656
-0.086	-0.0297914007662132	5.14002829476926	1.11133948139684
-0.084	-0.0295174632131059	5.13677294521203	1.27573539985523
-0.082	-0.0292229788046499	5.13280830450865	1.44009651589719
-0.08	-0.0289079633993874	5.12813443735246	1.60439109784973
-0.078	-0.0285724356927193	5.12275154500696	1.76858740560574
-0.076	-0.0282164172161021	5.11665996532398	1.93265369888408
-0.074	-0.0278399323356977	5.10986017272606	2.09655824549053
-0.072	-0.0274430082504715	5.10235277815301	2.26026932957685
-0.07	-0.0270256749897537	5.09413852897276	2.42375525989533
-0.0679999999999999	-0.026587965410245	5.0852183088564	2.58698437804577
-0.0659999999999999	-0.0261299151924874	5.0755931376175	2.74992506671236
-0.0639999999999999	-0.0256515628367799	5.0652641710158	2.91254575788753
-0.0620000000000001	-0.025152949658559	5.05423270052531	3.07481494108008
-0.0600000000000001	-0.0246341197832305	5.04250015306684	3.23670117150477
-0.0580000000000001	-0.0240951201404633	5.03006809070517	3.39817307825061
-0.056	-0.0235360004579415	5.01693821031082	3.55919937242521
-0.054	-0.0229568132545765	5.00311234318663	3.71974885527227
-0.052	-0.0223576138331811	4.98859245465925	3.87979042625966
-0.05	-0.0217384602726103	4.97338064363566	4.03929309113528
-0.048	-0.0210994134193641	4.95747914212487	4.19822596994799
-0.046	-0.0204405368786604	4.94089031472501	4.35655830503099
-0.044	-0.019761897004976	4.92361665807584	4.51425946894494
-0.042	-0.0190635628920619	4.90566080027706	4.67129897237817
-0.04	-0.0183456063624299	4.88702550027249	4.82764647200132
-0.038	-0.0176081019563163	4.86771364720028	4.98327177827387
-0.036	-0.0168511269201279	4.84772825970956	5.13814486319988
-0.034	-0.0160747611943646	4.82707248524348	5.2922358680304
-0.032	-0.0152790874010336	4.8057495992892	5.44551511091005
-0.03	-0.0144641908305432	4.78376300459477	5.59795309446512
-0.028	-0.0136301594280968	4.76111623035337	5.74952051333079
-0.026	-0.0127770837795722	4.73781293135511	5.90018826161497
-0.024	-0.0119050570969064	4.71385688710672	6.0499274402963
-0.022	-0.0110141752029751	4.68925200091924	6.19870936455379
-0.02	-0.01010453651598	4.66400229896436	6.34650557102594
-0.018	-0.00917624203334721	4.63811192929933	6.49328782499672
-0.016	-0.00822939531513245	4.61158516086107	6.63902812750616
-0.014	-0.0072641024669462	4.58442638242966	6.78369872238337
-0.012	-0.00628047212239924	4.55664010156159	6.92727210319949
-0.01	-0.00527861542507368	4.52823094349313	7.06972102013851
-0.00800000000000001	-0.00425864601002202	4.4992036500142	7.21101848678367
-0.00600000000000001	-0.0032206799847978	4.46956307831303	7.35113778681729
-0.004	-0.00216483591003125	4.43931419979216	7.49005248063186
-0.002	-0.00109123477954109	4.40846209885595	7.62773641185037
0	0	4.37701197167023	7.76416371375374
0.002	0.00110874262985328	4.3449691248943	7.8993088156133
0.004	0.00223486494043601	4.31233897438583	8.03314644892647
0.00600000000000001	0.00337823641298796	4.27912704387906	8.16565165355356
0.00800000000000001	0.00453872420166368	4.24533896363667	8.29679978375383
0.01	0.00571619315605454	4.21098046907586	8.42656651411892
0.012	0.00691050584412789	4.17605739936902	8.55492784540197
0.014	0.00812152257558574	4.14057569601948	8.68186011024033
0.016	0.00934910142562928	4.10454140141281	8.80733997877056
0.018	0.0105930982591265	4.06796065734412	8.93134446413356
0.02	0.0118533667551823	4.03083970352186	9.05385092786862
0.022	0.0131297584320922	3.99318487604863	9.17483708519443
0.024	0.0144221226726906	3.95500260587945	9.29428101017568
0.026	0.0157303067500714	3.91629941725801	9.41216114077372
0.028	0.0170541558536861	3.87708192613144	9.52845628377983
0.03	0.0183935131158044	3.83735683854406	9.6431456196295
0.032	0.0197482196383418	3.79713094901067	9.75620870709664
0.034	0.0211181145200332	3.75641113886993	9.86762548786618
0.036	0.022503034883961	3.71520437461823	9.97737629098386
0.038	0.0239028159054178	3.67351770622486	10.085441837182
0.04	0.0253172908401076	3.63135826542862	10.1918032430801
0.042	0.0267462910526706	3.5887332640169	10.2964420252589
0.044	0.0281896460455318	3.5456499920873	10.3993401042074
0.046	0.0296471834880585	3.50211581629275	10.5004798081408
0.048	0.0311187292460284	3.45813817807046	10.5998438766901
0.05	0.0326041074113934	3.41372459185527	10.6974154644601
0.052	0.0341031403323375	3.36888264327812	10.7931781444571
0.054	0.0356156486436179	3.32361998735008	10.8871159113842
0.056	0.0371414512971846	3.27794434663254	10.9792131848038
0.0580000000000001	0.038680365593071	3.23186350939419	11.069454812167
0.0600000000000001	0.0402322072105465	3.1853853277553	11.1578260717079
0.0620000000000001	0.041796790239522	3.13851771581998	11.2443126752045
0.0640000000000001	0.0433739272122071	3.0912686477969	11.3289007706028
0.0660000000000001	0.0449634291350081	3.04364615610913	11.4115769445061
0.0680000000000001	0.0465651055206546	2.99565832949373	11.4923282245273
0.0700000000000001	0.048178764420554	2.94731331109153	11.5711420815052
0.0720000000000001	0.0498042124573648	2.8986192965279	11.6480064315832
0.0740000000000001	0.0514412548577776	2.84958453198491	11.7229096381507
0.0760000000000001	0.0530896954854991	2.8002173122657	11.7958405136473
0.0780000000000001	0.0547493368744316	2.75052597885138	11.8667883212285
0.0800000000000001	0.056419980262036	2.70051891795132	11.9357427762947
0.0820000000000001	0.0581014256228785	2.6502045585473	12.0026940478803
0.0840000000000001	0.0597934717023452	2.59959137043215	12.0676327599072
0.0860000000000001	0.0614959160505195	2.54868786224343	12.1305499922976
0.0880000000000001	0.0632085550562174	2.49750257949286	12.1914372819516
0.0900000000000001	0.0649311839811682	2.446044102592	12.2502866235843
0.0920000000000001	0.0666635969943348	2.39432104487482	12.3070904704275
0.0940000000000001	0.0684055872063687	2.34234205061779	12.3618417347926
0.0960000000000001	0.0701569467041829	2.29011579305795	12.4145337884966
0.0980000000000001	0.0719174665856483	2.2376509724098	12.4651604631518
0.1	0.0736869369943904	2.18495631388138	12.5137160503185
0.102	0.0754651471546914	2.1320405656902	12.560195301522
0.104	0.0772518854064808	2.07891249707968	12.6045934281336
0.106	0.0790469392404143	2.02558089633657	12.6469061011173
0.108	0.0808500953330242	1.97205456881013	12.6871294506413
0.11	0.0826611395819401	1.91834233493332	12.7252600655566
0.112	0.0844798571411711	1.86445302824699	12.7612949927412
0.114	0.0863060324564393	1.81039549342732	12.7952317363132
0.116	0.0881394493005561	1.75617858431722	12.8270682567112
0.118	0.0899798908088389	1.70181116196231	12.8568029696447
0.12	0.0918271395145542	1.64730209265191	12.8844347449137
0.122	0.0936809773843807	1.59266024596575	12.9099629050999
0.124	0.0955411858538895	1.53789449282677	12.9333872241294
0.126	0.0974075458630232	1.48301370356086	12.9547079257083
0.128	0.0992798378915827	1.42802674596375	12.9739256816326
0.13	0.101157841994691	1.37294248337581	12.9910416099723
0.132	0.10304133783825	1.31776977276532	13.0060572731326
0.134	0.104930104734367	1.26251746282057	13.0189746757914
0.136	0.106823921676749	1.20719439205147	13.0297962627161
0.138	0.108722567376054	1.15180938690118	13.0385249164598
0.14	0.1106258202952	1.09637125986819	13.0451639549382
0.142	0.112533458684611	1.0408888076395	13.0497171288899
0.144	0.114445260617403	0.985370809235236	13.0521886192189
0.146	0.116361004024505	0.929826024165392	13.0525830342238
0.148	0.118280466729687	0.874263190599059	13.0509054067123
0.15	0.120203426484521	0.818691023546671	13.0471611910047
0.152	0.122129661003235	0.763118213055775	13.0413562598264
0.154	0.124058947997475	0.707553422420755	13.0334969010919
0.156	0.125991065210956	0.652005286407021	13.0235898145809
0.158	0.127925790454003	0.596482409490107	13.0116421085096
0.16	0.129862901637967	0.540993364110126	12.9976612959973
0.162	0.13180217680951	0.485546688942042	12.9816552914307
0.164	0.133743394184768	0.430150887182199	12.963632406728
0.166	0.135686332183355	0.374814424851529	12.9436013475037
0.168	0.137630769462231	0.31954572911588	12.9215712091365
0.17	0.139576484949409	0.264353186623862	12.8975514727414
0.172	0.141523257877499	0.20924514186264	12.8715520010493
0.174	0.143470867817091	0.154229895532063	12.8435830341937
0.176	0.14541909470995	0.0993157029375227	12.8136551854086
0.178	0.147367718902043	0.0445107724019352	12.7817794366383
0.18	0.149316521176366	-0.0101767363027901	12.7479671340607
0.182	0.151265282785589	-0.0647387135044126	12.7122299835274
0.184	0.153213785484489	-0.119167101158807	12.6745800459213
0.186	0.155161811562183	-0.173453894357834	12.6350297324343
0.188	0.157109143874149	-0.227591142816298	12.5935917997669
0.19	0.159055565874024	-0.281570952337657	12.550279345252
0.192	0.161000861645183	-0.335385486258161	12.5051058019042
0.194	0.162944815932082	-0.389026966869099	12.4580849333983
0.196	0.164887214171371	-0.442487676816863	12.4092308289769
0.198	0.166827842522763	-0.495759960480508	12.3585578982905
0.2	0.168766487899654	-0.548836225326541	12.3060808661728
0.202	0.170702937999494	-0.601708943240649	12.2518147673514
0.204	0.172636981333898	-0.65437065183611	12.1957749410983
0.206	0.174568407258498	-0.706813955738599	12.13797702582
0.208	0.176497006002519	-0.759031527847174	12.0784369535915
0.21	0.178422568698094	-0.811016110571174	12.0171709446352
0.212	0.180344887409286	-0.862760517042807	11.9541955017469
0.214	0.182263755160842	-0.914257632305211	11.8895274046713
0.216	0.184178965966648	-0.965500414475765	11.8231837044296
0.218	0.186090314857897	-1.01648189588446	11.7551817176006
0.22	0.187997597910961	-1.06719518418709	11.6855390205577
0.222	0.18990061227496	-1.11763346345322	11.6142734436647
0.224	0.191799156199022	-1.16778999522849	11.5414030654318
0.226	0.19369302905924	-1.21765811957144	11.4669462066341
0.228	0.19558203138531	-1.26723125606436	11.3909214243956
0.23	0.197465964886854	-1.31650290479827	11.3133475062395
0.232	0.199344632479415	-1.36546664733178	11.2342434641085
0.234	0.201217838310136	-1.41411614762369	11.1536285283563
0.236	0.203085387783099	-1.46244515293931	11.0715221417129
0.238	0.20494708758434	-1.51044749473027	10.9879439532257
0.24	0.206802745706519	-1.5581170894878	10.902913812179
0.242	0.208652171473257	-1.60544793956944	10.8164517619936
0.244	0.210495175563122	-1.65243413399894	10.728578034109
0.246	0.21233157003328	-1.69906984923945	10.63931304185
0.248	0.21416116834278	-1.74534934993984	10.5486773742805
0.25	0.215983785375502	-1.79126698965417	10.4566917900463
0.252	0.21779923746274	-1.83681721153417	10.3633772112084
0.254	0.219607342405428	-1.88199454899482	10.2687547170707
0.256	0.221407919496009	-1.92679362635293	10.1728455380018
0.258	0.223200789539933	-1.97120915943873	10.0756710492556
0.26	0.2249857748768	-2.01523595618042	9.97725276479058
0.262	0.226762699401122	-2.05886891716186	9.87761233109123
0.264	0.228531388582725	-2.10210303615313	9.77677152099311
0.266	0.23029166948677	-2.14493340061422	9.6747522275139
0.268	0.232043370793404	-2.18735519217186	9.57157645769217
0.27	0.233786322817037	-2.22936368706933	9.46726632643619
0.272	0.235520357525233	-2.27095425658961	9.36184405038455
0.274	0.237245308557222	-2.31212236745165	9.25533194178074
0.276	0.238961011242042	-2.35286358218001	9.14775240236363
0.278	0.240667302616281	-2.39317355944784	9.03912791727569
0.28	0.242364021441445	-2.43304805439341	8.92948104899098
0.282	0.244051008220935	-2.47248291891005	8.81883443126489
0.284	0.245728105216646	-2.51147410190996	8.7072107631073
0.286	0.247395156465163	-2.55001764956161	8.59463280278122
0.288	0.24905200779358	-2.58810970550114	8.48112336182865
0.29	0.250698506834927	-2.62574651101773	8.36670529912552
0.292	0.252334503043202	-2.66292440521318	8.25140151496744
0.294	0.253959847708016	-2.69963982513574	8.13523494518818
0.296	0.255574393968844	-2.73588930588838	8.0182285553124
0.298	0.257177996828885	-2.77166948071169	7.90040533474452
0.3	0.25877051316853	-2.80697708104156	7.78178829099535
0.302	0.260351801758434	-2.84180893654176	7.66240044394817
0.304	0.261921723272199	-2.87616197511168	7.54226482016587
0.306	0.263480140298662	-2.91003322286933	7.42140444724075
0.308	0.265026917353792	-2.9434198041099	7.29984234818862
0.31	0.266561920892187	-2.97631894123996	7.17760153588866
0.312	0.268085019318194	-3.00872795468763	7.05470500757061
0.314	0.269596082996618	-3.0406442627888	6.93117573935085
0.316	0.271094984263057	-3.07206538164971	6.80703668081868
0.318	0.272581597433829	-3.10298892498616	6.68231074967428
0.32	0.274055798815524	-3.13341260393945	6.55702082641993
0.322	0.275517466714156	-3.16333422686936	6.43118974910552
0.324	0.276966481443934	-3.19275169912443	6.30484030813003
0.326	0.278402725335632	-3.22166302278979	6.1779952411
0.328	0.279826082744591	-3.25006629641274	6.05067722774647
0.33	0.281236440058318	-3.27795971470639	5.92290888490154
0.332	0.282633685703709	-3.30534156823165	5.79471276153572
0.334	0.284017710153888	-3.33221024305773	5.66611133385736
0.336	0.285388405934663	-3.35856422040159	5.53712700047515
0.338	0.286745667630597	-3.38440207624649	5.40778207762493
0.34	0.288089391890712	-3.40972248093998	5.27809879446187
0.342	0.289419477433801	-3.43452419877157	5.14809928841888
0.344	0.290735825053373	-3.45880608753054	5.01780560063258
0.346	0.292038337622222	-3.48256709804393	4.88723967143746
0.348	0.293326920096625	-3.50580627369523	4.75642333592944
0.35	0.294601479520168	-3.52852274992399	4.62537831959955
0.352	0.295861925027204	-3.55071575370665	4.49412623403867
0.354	0.297108167845945	-3.57238460301897	4.36268857271423
0.356	0.29834012130119	-3.59352870628032	4.2310867068195
0.358	0.299557700816694	-3.61414756178013	4.09934188119643
0.36	0.300760823917173	-3.63424075708693	3.96747521033256
0.362	0.301949410229953	-3.6538079684402	3.83550767443299
0.364	0.303123381486267	-3.67284896012546	3.70346011556767
0.366	0.304282661522198	-3.6913635838328	3.57135323389499
0.368	0.305427176279272	-3.70935177799939	3.43920758396218
0.37	0.306556853804703	-3.72681356713602	3.30704357108282
0.372	0.307671624251299	-3.74374906113839	3.1748814477924
0.374	0.308771419877019	-3.7601584545831	3.04274131038208
0.376	0.309856175044195	-3.77604202600901	2.91064309551125
0.378	0.310925826218423	-3.79140013718408	2.77860657689925
0.38	0.311980311967109	-3.80623323235823	2.64665136209679
0.382	0.313019572957696	-3.82054183750241	2.51479688933715
0.384	0.314043551955563	-3.83432655953439	2.38306242446768
0.386	0.315052193821591	-3.84758808553143	2.25146705796186
0.388	0.316045445509422	-3.86032718193042	2.12002970201211
0.39	0.317023256062387	-3.87254469371566	1.98876908770354
0.392	0.317985576610133	-3.88424154359467	1.85770376226898
0.394	0.318932360364927	-3.89541873116252	1.72685208642525
0.396	0.31986356261766	-3.90607733205487	1.5962322317909
0.398	0.320779140733545	-3.91621849709013	1.46586217838548
0.4	0.321679054147512	-3.92584345140121	1.33575971221036
0.402	0.322563264359312	-3.93495349355703	1.20594242291122
0.404	0.32343173492832	-3.94354999467432	1.076427701522
0.406	0.32428443146805	-3.95163439751994	0.947232738290565
0.408	0.325121321640385	-3.95920821560423	0.81837452058568
0.41	0.325942375149527	-3.96627303226555	0.689869830885463
0.412	0.326747563735657	-3.97283049974653	0.561735244847009
0.414	0.327536861168332	-3.97888233826238	0.433987129457134
0.416	0.328310243239602	-3.98443033506147	0.306641641263927
0.418	0.329067687756863	-3.98947634347871	0.179714724689048
0.42	0.329809174535441	-3.994022281982	0.0532221104203055
0.422	0.330534685390921	-3.99807013321211	-0.0728206861155043
0.424	0.331244204131216	-4.00162194301637	-0.198398366200107
0.426	0.331937716548385	-4.00467981947645	-0.32349584919164
0.428	0.332615210410198	-4.00724593193069	-0.448098273813552
0.43	0.333276675451463	-4.00932250999123	-0.572190999364685
0.432	0.333922103365104	-4.01091184255638	-0.695759606851151
0.434	0.334551487793008	-4.01201627681844	-0.818789900040274
0.436	0.335164824316637	-4.01263821726743	-0.941267906437189
0.438	0.335762110447409	-4.01278012469107	-1.06317987818453
0.44	0.336343345616856	-4.01244451517129	-1.18451229288579
0.442	0.336908531166558	-4.01163395907755	-1.30525185435273
0.444	0.337457670337866	-4.01035108005752	-1.42538549327771
0.446	0.337990768261403	-4.00859855402519	-1.54490036783115
0.448	0.338507831946365	-4.00637910814694	-1.66378386418513
0.45	0.33900887026961	-4.00369551982577	-1.78202359696336
0.452	0.339493893964548	-4.00055061568405	-1.89960740961856
0.454	0.339962915609837	-3.99694727054518	-2.01652337473766
0.456	0.340415949617885	-3.99288840641436	-2.13275979427566
0.458	0.340853012223158	-3.9883769914588	-2.24830519971875
0.46	0.341274121470312	-3.98341603898786	-2.36314835217759
0.462	0.341679297202138	-3.97800860643311	-2.47727824241136
0.464	0.342068561047332	-3.97215779432893	-2.59068409078349
0.466	0.342441936408094	-3.9658667452937	-2.70335534714967
0.468	0.34279944844756	-3.95913864301208	-2.81528169067926
0.47	0.343141124077065	-3.95197671121852	-2.92645302961052
0.472	0.343466991943249	-3.94438421268236	-3.03685950094101
0.474	0.343777082415004	-3.93636444819481	-3.14649147005348
0.476	0.344071427570275	-3.92792075555804	-3.25533953027865
0.478	0.344350061182711	-3.91905650857676	-3.36339450239529
0.48	0.344613018708161	-3.9097751160524	-3.47064743406896
0.482	0.344860337271048	-3.90008002078037	-3.57708959922996
0.484	0.345092055650595	-3.88997469855044	-3.68271249739167
0.486	0.345308214266921	-3.87946265715072	-3.78750785291013
0.488	0.345508855167013	-3.86854743537534	-3.89146761418578
0.49	0.345694022010567	-3.8572326020361	-3.99458395280846
0.492	0.345863760055719	-3.84552175497847	-4.09684926264658
0.494	0.346018116144647	-3.83341852010199	-4.19825615888137
0.496	0.346157138689073	-3.8209265503855	-4.29879747698742
0.498	0.34628087765565	-3.80804952491727	-4.39846627166035
0.5	0.346389384551245	-3.79479114793039	-4.49725581569265
0.502	0.346482712408123	-3.78115514784355	-4.5951595987989
0.504	0.346560915769033	-3.76714527630755	-4.69217132639111
0.506	0.346624050672205	-3.75276530725758	-4.78828491830554
0.508	0.346672174636249	-3.73801903597167	-4.88349450748181
0.51	0.346705346644978	-3.72291027813541	-4.97779443859552
0.512	0.346723627132145	-3.70744286891316	-5.07117926664536
0.514	0.346727077966103	-3.69162066202598	-5.16364375549585
0.516	0.346715762434388	-3.67544752883641	-5.2551828763767
0.518	0.346689745228238	-3.65892735744041	-5.34579180633995
0.52	0.346649092427036	-3.64206405176647	-5.43546592667596
0.522	0.3465938714827	-3.62486153068222	-5.52420082128932
0.524	0.346524151204001	-3.60732372710872	-5.61199227503577
0.526	0.34644000174084	-3.5894545871424	-5.69883627202125
0.528	0.346341494568456	-3.57125806918508	-5.78472899386414
0.53	0.346228702471599	-3.55273814308209	-5.86966681792187
0.532	0.346101699528645	-3.53389878926857	-5.95364631548284
0.534	0.345960561095681	-3.51474399792438	-6.03666424992495
0.536	0.345805363790537	-3.49527776813736	-6.11871757484165
0.538	0.345636185476799	-3.47550410707549	-6.19980343213677
0.54	0.345453105247771	-3.4554270291678	-6.27991915008911
0.542	0.345256203410424	-3.4350505552943	-6.35906224138792
0.544	0.345045561469314	-3.414378711985	-6.43723040114039
0.546	0.344821262110468	-3.39341553062817	-6.51442150485224
0.548	0.344583389185267	-3.37216504668793	-6.59063360638246
0.55	0.344332027694301	-3.35063129893136	-6.66586493587331
0.552	0.344067263771213	-3.32881832866512	-6.74011389765662
0.554	0.343789184666538	-3.30673017898173	-6.81337906813763
0.556	0.343497878731524	-3.2843708940157	-6.88565919365719
0.558	0.343193435401965	-3.26174451820942	-6.95695318833357
0.56	0.342875945182015	-3.23885509558912	-7.02726013188491
0.562	0.342545499628018	-3.21570666905074	-7.09657926743332
0.564	0.342202191332332	-3.19230327965601	-7.16490999929169
0.566	0.341846113907168	-3.16864896593868	-7.23225189073439
0.568	0.341477361968438	-3.14474776322103	-7.2986046617526
0.57	0.341096031119606	-3.12060370294069	-7.36396818679565
0.572	0.340702217935573	-3.09622081198785	-7.42834249249911
0.574	0.340296019946562	-3.07160311205296	-7.49172775540084
0.576	0.339877535622033	-3.04675461898481	-7.55412429964591
0.578	0.339446864354624	-3.0216793421593	-7.61553259468132
0.58	0.339004106444105	-2.99638128385872	-7.67595325294177
0.582	0.33854936308138	-2.97086443866165	-7.73538702752709
0.584	0.338082736332501	-2.94513279284353	-7.79383480987265
0.586	0.337604329122724	-2.91919032378798	-7.85129762741349
0.588	0.337114245220604	-2.89304099940873	-7.90777664124315
0.59	0.336612589222118	-2.86668877758242	-7.96327314376831
0.592	0.336099466534839	-2.84013760559203	-8.01778855635984
0.594	0.335574983362142	-2.81339141958117	-8.07132442700159
0.596	0.335039246687463	-2.78645414401914	-8.12388242793743
0.598	0.3344923642586	-2.75932969117671	-8.17546435331776
0.6	0.333934444572065	-2.73202196061284	-8.22607211684612
0.602	0.333365596857483	-2.70453483867198	-8.27570774942696
0.604	0.332785931062054	-2.67687219799234	-8.32437339681537
0.606	0.332195557835052	-2.64903789702483	-8.37207131726948
0.608	0.331594588512401	-2.62103577956278	-8.41880387920668
0.61	0.330983135101294	-2.59286967428243	-8.46457355886408
0.612	0.330361310264881	-2.56454339429407	-8.50938293796443
0.614	0.329729227307016	-2.53606073670398	-8.55323470138794
0.616	0.32908700015707	-2.50742548218695	-8.59613163485103
0.618	0.328434743354806	-2.47864139456946	-8.63807662259266
0.62	0.327772572035326	-2.4497122204235	-8.67907264506902
0.622	0.327100601914082	-2.42064168867093	-8.71912277665732
0.624	0.326418949271966	-2.39143351019833	-8.75823018336947
0.626	0.325727730940461	-2.36209137748238	-8.79639812057619
0.628	0.325027064286872	-2.33261896422566	-8.83362993074253
0.63	0.324317067199634	-2.30301992500281	-8.86992904117516
0.632	0.323597858073693	-2.27329789491704	-8.90529896178239
0.634	0.322869555795964	-2.2434564892669	-8.93974328284737
0.636	0.322132279730871	-2.21349930322324	-8.97326567281525
0.638	0.321386149705966	-2.18342991151638	-9.00586987609481
0.64	0.320631285997632	-2.15325186813327	-9.03755971087529
0.642	0.319867809316866	-2.12296870602478	-9.06833906695892
0.644	0.319095840795143	-2.0925839368228	-9.09821190360979
0.646	0.318315501970379	-2.06210105056737	-9.1271822474196
0.648	0.317526914772961	-2.03152351544343	-9.15525419019085
0.65	0.316730201511883	-2.00085477752744	-9.18243188683802
0.652	0.315925484860954	-1.97009826054355	-9.20871955330724
0.654	0.315112887845107	-1.93925736562934	-9.23412146451498
0.656	0.314292533826798	-1.90833547111105	-9.25864195230623
0.658	0.313464546492486	-1.87733593228818	-9.28228540343265
0.66	0.312629049839215	-1.84626208122738	-9.30505625755118
0.662	0.311786168161286	-1.81511722656552	-9.32695900524353
0.664	0.310936026037024	-1.78390465332191	-9.34799818605698
0.666	0.310078748315633	-1.75262762271954	-9.36817838656692
0.668	0.309214460104159	-1.72128937201512	-9.38750423846152
0.67	0.308343286754531	-1.68989311433812	-9.4059804166489
0.672	0.307465353850718	-1.65844203853836	-9.42361163738727
0.674	0.306580787195969	-1.62693930904232	-9.44040265643822
0.676	0.305689712800154	-1.59538806571788	-9.45635826724369
0.678	0.304792256867209	-1.56379142374754	-9.47148329912676
0.68	0.303888545782671	-1.53215247350988	-9.48578261551677
0.682	0.302978706101319	-1.5004742804692	-9.4992611121989
0.684	0.302062864534913	-1.46875988507332	-9.51192371558859
0.686	0.301141147940029	-1.43701230265925	-9.523775381031
0.688	0.300213683305999	-1.40523452336675	-9.53482109112584
0.69	0.299280597742952	-1.37342951205966	-9.54506585407778
0.692	0.298342018469955	-1.34160020825481	-9.55451470207256
0.694	0.297398072803249	-1.3097495260585	-9.56317268967925
0.696	0.296448888144603	-1.27788035411028	-9.57104489227854
0.698	0.295494591969748	-1.24599555553413	-9.57813640451758
0.7	0.294535311816935	-1.21409796789669	-9.58445233879126
0.702	0.293571175275575	-1.18219040317259	-9.58999782375022
0.704	0.292602309974998	-1.15027564771669	-9.59477800283571
0.706	0.291628843573307	-1.11835646224312	-9.59879803284149
0.708	0.290650903746332	-1.08643558181097	-9.60206308250266
0.71	0.28966861817669	-1.05451571581659	-9.60457833111186
0.712	0.288682114542952	-1.0225995479923	-9.60634896716264
0.714	0.287691520508903	-0.990689736411393	-9.60738018702019
0.716	0.286696963712912	-0.958788913499349	-9.60767719361953
0.718	0.285698571757402	-0.926899686051126	-9.60724519519116
0.72	0.28469647219842	-0.895024635254377	-9.60608940401415
0.722	0.283690792535321	-0.863166316718492	-9.6042150351968
0.724	0.282681660200533	-0.831327260509343	-9.60162730548491
0.726	0.281669202549447	-0.799509971189585	-9.59833143209747
0.728	0.280653546850394	-0.767716927864432	-9.59433263158994
0.73	0.279634820274729	-0.735950584232728	-9.58963611874504
0.732	0.278613149887017	-0.704213368643245	-9.58424710549106
0.734	0.27758866263532	-0.672507684156037	-9.57817079984746
0.736	0.276561485341583	-0.640835908608764	-9.57141240489801
0.738	0.275531744692124	-0.609200394687834	-9.56397711779115
0.74	0.274499567228223	-0.577603470004261	-9.55587012876756
0.742	0.273465079336811	-0.546047437174095	-9.54709662021495
0.744	0.272428407241259	-0.514534573903331	-9.5376617657498
0.746	0.271389676992271	-0.483067133077137	-9.52757072932612
0.748	0.270349014458866	-0.451647342853317	-9.51682866437097
0.75	0.269306545319472	-0.420277406759857	-9.50544071294669
0.752	0.268262395053106	-0.388959503796456	-9.49341200493967
0.754	0.267216688930662	-0.357695788539904	-9.48074765727552
0.756	0.266169552006291	-0.326488391253203	-9.46745277316052
0.758	0.265121109108879	-0.295339417998298	-9.45353244134912
0.76	0.264071484833626	-0.26425095075231	-9.43899173543731
0.762	0.263020803533715	-0.233225047527151	-9.42383571318184
0.764	0.261969189312082	-0.202263742492394	-9.40806941584483
0.766	0.260916766013274	-0.171369046101302	-9.39169786756381
0.768	0.259863657215417	-0.140542945219884	-9.37472607474684
0.77	0.258809986222259	-0.109787403258866	-9.3571590254926
0.772	0.257755876055321	-0.0791043603084711	-9.33900168903511
0.774	0.256701449446136	-0.0484957332758927	-9.32025901521296
0.776	0.255646828828582	-0.0179634160253357	-9.30093593396277
0.778	0.254592136331302	0.0124907204794525	-9.28103735483657
0.78	0.253537493770228	0.0428648280303099	-9.26056816654303
0.782	0.25248302264118	0.0731570810275269	-9.23953323651205
0.784	0.25142884411257	0.103365676330575	-9.21793741048267
0.786	0.250375079018186	0.133488833106787	-9.19578551211386
0.788	0.249321847850068	0.163524792678125	-9.17308234261802
0.79	0.248269270751476	0.1934718183661	-9.14983268041687
0.792	0.247217467509941	0.223328195334981	-9.12604128081944
0.794	0.246166557550406	0.253092230433378	-9.1017128757219
0.796	0.245116659928455	0.282762252034294	-9.0768521733289
0.798	0.244067893323623	0.312336609873771	-9.05146385789617
0.8	0.2430203760328	0.341813674888193	-9.02555258949399
0.802	0.241974225963709	0.371191839050373	-8.99912300379128
0.804	0.240929560628478	0.400469515204508	-8.97217971186008
0.806	0.239886497137289	0.429645136900079	-8.94472729999987
0.808	0.238845152192114	0.458717158224834	-8.91677032958166
0.81	0.237805642080529	0.487684053636887	-8.88831333691139
0.812	0.236768082669615	0.516544317796076	-8.85936083311232
0.814	0.235732589399934	0.54529646539463	-8.82991730402611
0.816	0.234699277279585	0.573939030987259	-8.79998721013228
0.818	0.233668260878352	0.602470568820734	-8.76957498648562
0.82	0.232639654321908	0.630889652663053	-8.73868504267133
0.822	0.231613571286122	0.659194875632278	-8.70732176277741
0.824	0.230590124991421	0.687384850025104	-8.67548950538416
0.826	0.229569428197247	0.71545820714527	-8.64319260357017
0.828	0.22855159319658	0.743413597131869	-8.61043536493472
0.83	0.227536731810535	0.771249688787642	-8.57722207163609
0.832	0.22652495538304	0.798965169407327	-8.54355698044538
0.834	0.225516374775589	0.826558744606151	-8.50944432281572
0.836	0.224511100362054	0.854029138148513	-8.47488830496624
0.838	0.223509242023592	0.881375091776957	-8.43989310798062
0.84	0.222510909143603	0.908595365041482	-8.4044628879198
0.842	0.221516210602773	0.935688735129273	-8.36860177594856
0.844	0.220525254774181	0.962653996694909	-8.33231387847549
0.846	0.219538149518476	0.989489961691115	-8.29560327730612
0.848	0.218555002179128	1.01619545920013	-8.25847402980877
0.85	0.217575919577744	1.04276933526575	-8.22093016909284
0.852	0.216601008009446	1.06921045272608	-8.18297570419907
0.854	0.215630373238334	1.09551769104712	-8.14461462030155
0.856	0.214664120492991	1.12168994615714	-8.105850878921
0.858	0.213702354462075	1.14772613028203	-8.06668841814907
0.86	0.212745179289966	1.17362517178155	-8.02713115288321
0.862	0.211792698572477	1.19938601498663	-7.98718297507186
0.864	0.210845015352636	1.22500762003772	-7.94684775396947
0.866	0.20990223211652	1.25048896272421	-7.90612933640116
0.868	0.208964450789165	1.27582903432514	-7.86503154703654
0.87	0.208031772730525	1.30102684145095	-7.82355818867243
0.872	0.207104298731503	1.32608140588661	-7.78171304252405
0.874	0.206182129010036	1.35099176443601	-7.73949986852442
0.876	0.205265363207242	1.37575696876766	-7.69692240563155
0.878	0.204354100383626	1.40037608526181	-7.65398437214314
0.88	0.203448439015349	1.424848194859	-7.61068946601843
0.882	0.202548476990548	1.44917239291001	-7.56704136520685
0.884	0.201654311605717	1.47334778902736	-7.5230437279831
0.886	0.200766039562149	1.49737350693834	-7.47870019328849
0.888	0.199883756962429	1.52124868433957	-7.43401438107794
0.89	0.199007559306982	1.54497247275315	-7.38898989267257
0.892	0.198137541490686	1.56854403738453	-7.34363031111746
0.894	0.197273797799523	1.59196255698189	-7.29793920154411
0.896	0.196416421907304	1.61522722369735	-7.25192011153763
0.898	0.19556550687243	1.63833724294977	-7.20557657150793
0.9	0.194721145134719	1.66129183328939	-7.15891209506496
0.902	0.193883428512274	1.68409022626412	-7.11193017939743
0.904	0.193052448198417	1.70673166628776	-7.06463430565482
0.906	0.192228294758659	1.72921541050986	-7.01702793933246
0.908	0.191411058127735	1.75154072868753	-6.96911453065911
0.91	0.190600827606677	1.77370690305904	-6.92089751498709
0.912	0.189797691859948	1.79571322821927	-6.87238031318438
0.914	0.189001738912618	1.81755901099707	-6.82356633202857
0.916	0.18821305614759	1.83924357033451	-6.7744589646023
0.918	0.187431730302879	1.860766237168	-6.72506159068993
0.92	0.186657847468934	1.88212635431134	-6.67537757717522
0.922	0.185891493086007	1.90332327634073	-6.62541027843956
0.924	0.185132751941576	1.9243563694817	-6.57516303676076
0.926	0.184381708167805	1.94522501149796	-6.52463918271188
0.928	0.18363844523906	1.96592859158225	-6.47384203556001
0.93	0.18290304596946	1.98646651024909	-6.4227749036646
0.932	0.182175592510484	2.0068381792296	-6.37144108487525
0.934	0.181456166348617	2.02704302136817	-6.31984386692856
0.936	0.180744848303036	2.04708047052121	-6.26798652784392
0.938	0.180041718523355	2.06694997145776	-6.21587233631784
0.94	0.179346856487396	2.08665097976222	-6.1635045521168
0.942	0.178660340999014	2.10618296173894	-6.1108864264682
0.944	0.177982250185961	2.12554539431884	-6.05802120244927
0.946	0.177312661497798	2.14473776496798	-6.00491211537371
0.948	0.176651651703841	2.16375957159812	-5.95156239317582
0.95	0.175999296891151	2.18261032247925	-5.89797525679195
0.952	0.175355672462571	2.20128953615406	-5.84415392053897
0.954	0.174720853134801	2.21979674135438	-5.79010159248968
0.956	0.174094912936505	2.23813147691956	-5.73582147484489
0.958	0.173477925206477	2.25629329171682	-5.68131676430187
0.96	0.172869962591827	2.27428174456348	-5.6265906524193
0.962	0.172271097046226	2.29209640415118	-5.57164632597807
0.964	0.171681399828168	2.30973684897195	-5.51648696733822
0.966	0.171100941499298	2.32720266724621	-5.46111575479148
0.968	0.170529791922754	2.34449345685268	-5.40553586290944
0.97	0.169968020261563	2.36160882526013	-5.34975046288706
0.972	0.169415694977072	2.378548389461	-5.29376272288155
0.974	0.168872883827412	2.39531177590693	-5.23757580834615
0.976	0.168339653866009	2.41189862044601	-5.18119288235897
0.978	0.167816071440121	2.42830856826195	-5.12461710594654
0.98	0.167302202189426	2.44454127381501	-5.06785163840199
0.982	0.166798111044633	2.46059640078474	-5.01089963759772
0.984	0.166303862226142	2.47647362201442	-4.95376426029248
0.986	0.16581951924273	2.49217261945735	-4.89644866243253
0.988	0.165345144890285	2.50769308412482	-4.83895599944706
0.99	0.164880801250565	2.52303471603573	-4.7812894265374
0.992	0.164426549690001	2.53819722416805	-4.72345209896027
0.994	0.163982450858532	2.55318032641179	-4.66544717230461
0.996	0.163548564688475	2.56798374952375	-4.60727780276208
0.998	0.163124950393436	2.58260722908379	-4.54894714739117
