0	0.345237116404815	0.811763849101772	1.26551352102044	0.00647373803394935
0.00628318530717959	0.345293893801187	0.823542584863555	1.25196860368427	0.0116114032159259
0.0125663706143592	0.345383182107625	0.834941986121146	1.2387065116025	0.0168218848733806
0.0188495559215388	0.345505431353656	0.845961810115204	1.22574604668187	0.0221027986482054
0.0251327412287183	0.345661076584734	0.85660212984164	1.21310563704916	0.0274517596512749
0.0314159265358979	0.345850537865109	0.866863329491654	1.20080331872109	0.0328663844322242
0.0376991118430775	0.346074220292979	0.876746099601737	1.18885671786399	0.0383442929196584
0.0439822971502571	0.346332514027732	0.886251431922492	1.17728303365932	0.0438831103300023
0.0502654824574367	0.346625794329085	0.895380614015408	1.16609902179051	0.0494804690432499
0.0565486677646163	0.346954421607892	0.904135223586959	1.1553209785655	0.0551340104439335
0.0628318530717959	0.347318741488413	0.912517122569603	1.14496472568822	0.0608413867256937
0.0691150383789754	0.347719084881796	0.920528450959518	1.1350455956916	0.0666002626578895
0.075398223686155	0.348155768070545	0.928171620421055	1.12557841804337	0.0724083173127508
0.0816814089933346	0.348629092803702	0.935449307668092	1.11657750593509	0.0782632457516419
0.0879645943005142	0.349139346402502	0.942364447632654	1.10805664376389	0.0841627606690632
0.0942477796076938	0.349686801876209	0.948920226431282	1.10002907531532	0.0901045939930906
0.100530964914873	0.350271718047884	0.9551200741398	1.09250749265469	0.0960864984410125
0.106814150222053	0.350894339689766	0.960967657387217	1.08550402573347	0.102106249028997
0.113097335529233	0.351554897668007	0.966466871779642	1.07903023271621	0.108161644534682
0.119380520836412	0.352253609096434	0.971621834165144	1.07309709103245	0.114250508911666
0.125663706143592	0.352990677499052	0.976436874750588	1.06771498915729	0.120370692654915
0.131946891450771	0.353766292980967	0.980916529081525	1.06289371912315	0.126520074116212
0.138230076757951	0.354580632407415	0.985065529896259	1.05864246976446	0.132696560768809
0.14451326206513	0.355433859590574	0.988888798865252	1.05496982069603	0.13889809042053
0.15079644737231	0.356326125483843	0.992391438227031	1.05188373702493	0.145122632374643
0.15707963267949	0.357257568383232	0.995578722331776	1.04939156479487	0.151368188537881
0.163362817986669	0.358228314135567	0.998456089103731	1.04750002716111	0.157632794475071
0.169646003293849	0.359238476353136	1.00102913143359	1.04621522129318	0.163914520409887
0.175929188601028	0.360288156634461	1.00330358851192	1.04554261600168	0.170211472171341
0.182212373908208	0.361377444790844	1.00528533711473	1.04548705008474	0.176521792085653
0.188495559215388	0.362506419078342	1.00698038285197	1.04605273138886	0.182843659813247
0.194778744522567	0.363675146434834	1.00839485139015	1.04724323657806	0.18917529313068
0.201061929829747	0.364883682721819	1.00953497965955	1.0490615116044	0.195514948657358
0.207345115136926	0.366132072970614	1.01040710705696	1.05150987287246	0.201860922526988
0.213628300444106	0.367420351632595	1.01101766665434	1.05459000908922	0.208211551003772
0.219911485751286	0.368748542833132	1.01137317642404	1.05830298379048	0.214565211043406
0.226194671058465	0.370116660628884	1.01148023049066	1.06264923853394	0.220920320799023
0.232477856365645	0.371524709268094	1.0113454904199	1.0676285967487	0.227275340072289
0.238761041672824	0.372972683453547	1.01097567655426	1.07324026822993	0.233628770709894
0.245044226980004	0.374460568607852	1.01037755940554	1.07948285426726	0.239979156945788
0.251327412287183	0.375988341140703	1.00955795111359	1.08635435339449	0.246325085689535
0.257610597594363	0.377555968717784	1.00852369698096	1.09385216774778	0.252665186761228
0.263893782901543	0.37916341053098	1.00728166709259	1.10197311001899	0.258998133073486
0.270176968208722	0.380810617569575	1.00583874802955	1.11071341099023	0.26532264076108
0.276460153515902	0.382497532892091	1.00420183468577	1.12006872763518	0.271637469258821
0.282743338823081	0.384224091898466	1.00237782219623	1.13003415177228	0.277941421328366
0.289026524130261	0.385990222602233	1.00037359798503	1.14060421925439	0.284233343034691
0.295309709437441	0.3877958459024	0.998196033941475	1.15177291967926	0.290512123672992
0.30159289474462	0.389640875854717	0.995851978732008	1.16353370660441	0.29677669564685
0.3078760800518	0.391525219942025	0.993348250255646	1.17587950824996	0.303026034298539
0.314159265358979	0.393448779343391	0.99069162825025	1.18880273867248	0.3092591576924
0.320442450666159	0.395411449201738	0.987888847056736	1.20229530939243	0.315475126352251
0.326725635973339	0.397413118889684	0.984946588548052	1.21634864145767	0.321673042953847
0.333008821280518	0.399453672273307	0.981871475229451	1.23095367792523	0.327852051973447
0.339292006587698	0.401532987973569	0.978670063516339	1.24610089674295	0.334011339293581
0.345575191894877	0.403650939625135	0.975348837195671	1.26178032401275	0.34015013176716
0.351858377202057	0.405807396132316	0.971914201076575	1.27798154761685	0.346267696741085
0.358141562509236	0.408002221921905	0.968372474835621	1.29469373118808	0.352363341540581
0.364424747816416	0.410235277192647	0.964729887061819	1.31190562840519	0.358436412915475
0.370707933123596	0.412506418161115	0.960992569506155	1.32960559759414	0.364486296449706
0.376991118430775	0.414815497303761	0.957166551540163	1.34778161661593	0.370512415935351
0.383274303737955	0.417162363594933	0.953257754827747	1.36642129802149	0.376514232712505
0.389557489045134	0.419546862740634	0.949271988214121	1.38551190445431	0.382491244976364
0.395840674352314	0.421968837407827	0.945214942835481	1.40504036428096	0.388442987052882
0.402123859659494	0.424428127449104	0.941092187452677	1.42499328743004	0.394369028644409
0.408407044966673	0.426924570122508	0.936909164011864	1.44535698141974	0.400268974046714
0.414690230273853	0.429458000306367	0.932671183434798	1.46611746755442	0.406142461338842
0.420973415581032	0.432028250708943	0.928383421641137	1.48726049727037	0.411989161547241
0.427256600888212	0.434635152072756	0.924050915804797	1.5087715686113	0.41780877778564
0.433539786195391	0.437278533373437	0.919678560846113	1.53063594281366	0.423601044372137
0.439822971502571	0.439958222012956	0.915271106161239	1.55283866098244	0.429365725924992
0.446106156809751	0.442674044007112	0.910833152589931	1.57536456083795	0.435102616438623
0.45238934211693	0.445425824167161	0.906369149622538	1.59819829351401	0.440811538341301
0.45867252742411	0.44821338627546	0.901883392846743	1.6213243403885	0.44649234153604
0.464955712731289	0.45103655325505	0.897380021634279	1.64472702992709	0.452144902426211
0.471238898038469	0.453895147333058	0.892863017067567	1.66839055452101	0.457769122927368
0.477522083345649	0.456788990197863	0.888336200105921	1.69229898730025	0.463364929466797
0.483805268652828	0.459717903149932	0.883803229990674	1.71643629890345	0.468932271972303
0.490088453960008	0.46268170724628	0.879267602888296	1.74078637418609	0.474471122851712
0.496371639267187	0.465680223438489	0.874732650770292	1.76533302884868	0.479981475964607
0.502654824574367	0.468713272704244	0.870201540528391	1.79006002596711	0.485463345587751
0.508938009881546	0.471780676172356	0.865677273323252	1.81495109240728	0.490916765375697
0.515221195188726	0.474882255241242	0.861162684164662	1.83998993510666	0.496341787318027
0.521504380495906	0.478017831690845	0.856660441720914	1.86516025720548	0.501738480694678
0.527787565803085	0.48118722778799	0.852173048354808	1.89044577401069	0.507106931030782
0.534070751110265	0.484390266385174	0.847702840383458	1.91583022877613	0.512447239052439
0.540353936417444	0.487626771012801	0.843251988558828	1.94129740828253	0.517759519644816
0.546637121724624	0.490896565964884	0.838822498765701	1.96683115820148	0.523043900813947
0.552920307031804	0.494199476378233	0.834416212933507	1.99241539822775	0.5283005226536
0.559203492338983	0.497535328305182	0.830034810158248	2.01803413696472	0.533529536318529
0.565486677646163	0.500903948779872	0.825679808030488	2.04367148654796	0.538731103005425
0.571769862953342	0.504305165878179	0.821352564165203	2.06931167699271	0.543905392942852
0.578053048260522	0.507738808771307	0.817054277929012	2.09493907025089	0.549052584391411
0.584336233567701	0.511204707773148	0.812785992360175	2.12053817396421	0.554172862655374
0.590619418874881	0.514702694381466	0.808548596276475	2.14609365490001	0.559266419106964
0.596902604182061	0.518232601312992	0.804342826565959	2.17159035205698	0.564333450224461
0.60318578948924	0.521794262532525	0.800169270655305	2.19701328942853	0.569374156645268
0.60946897479642	0.525387513276132	0.796028369150403	2.22234768841177	0.57438874223502
0.615752160103599	0.529012190068549	0.79192041864358	2.24757897985069	0.579377413173813
0.622035345410779	0.532668130734901	0.787845574681721	2.27269281570263	0.584340377060589
0.628318530717959	0.536355174406855	0.783803854889395	2.29767508031746	0.589277842036647
0.634601716025138	0.540073161523323	0.779795142240955	2.32251190131952	0.594190015929256
0.640884901332318	0.543821933825855	0.775819188475412	2.34718966008295	0.599077105416283
0.647168086639497	0.547601334348851	0.771875617647791	2.37169500179127	0.603939315212694
0.653451271946677	0.551411207404731	0.76796392981053	2.39601484507289	0.608776847279803
0.659734457253857	0.555251398564206	0.764083504818383	2.42013639120463	0.613589900058021
0.666017642561036	0.559121754631815	0.760233606250165	2.44404713287588	0.618378667723899
0.672300827868216	0.563022123616863	0.756413385440615	2.46773486250656	0.623143339472153
0.678584013175395	0.566952354699927	0.752621885615525	2.49118768011271	0.62788409882335
0.684867198482575	0.570912298195105	0.748858046123238	2.51439400071383	0.632601122957892
0.691150383789755	0.574901805508153	0.745120706755521	2.53734256127715	0.637294582076854
0.697433569096934	0.578920729090694	0.7414086121508	2.56002242719391	0.641964638790254
0.703716754404114	0.582968922390679	0.737720416272625	2.58242299828396	0.646611447533208
0.709999939711293	0.587046239799258	0.734054686956278	2.60453401432524	0.651235154010464
0.716283125018473	0.591152536594258	0.730409910516308	2.62634556010515	0.655835894669676
0.722566310325652	0.595287668880439	0.726784496407852	2.64784806999191	0.660413796203822
0.728849495632832	0.599451493526718	0.723176781934491	2.66903233202402	0.664968975083042
0.735132680940012	0.603643868100545	0.719585036995465	2.68988949151698	0.669501537116197
0.741415866247191	0.607864650799612	0.716007468865011	2.71041105418683	0.67401157704235
0.747699051554371	0.612113700381105	0.712442226996654	2.7305888887906	0.678499178152367
0.75398223686155	0.61639087608865	0.708887407845254	2.75041522928461	0.68296441194076
0.76026542216873	0.620696037577193	0.705341059699682	2.76988267650184	0.687407337787861
0.76654860747591	0.625029044835956	0.701801187519015	2.78898419935063	0.691828002672387
0.772831792783089	0.629389758109695	0.698265757765195	2.80771313553695	0.69622644091437
0.779114978090269	0.633778037818437	0.694732703225161	2.82606319181375	0.700602673948432
0.785398163397448	0.638193744475882	0.691199927815516	2.84402844376101	0.704956710127304
0.791681348704628	0.642636738606672	0.687665311362882	2.86160333510095	0.709288544555459
0.797964534011807	0.647106880662704	0.684126714353168	2.87878267655329	0.713598158952691
0.804247719318987	0.651604030938678	0.680581982643076	2.89556164423623	0.717885521547413
0.810530904626167	0.656128049487075	0.677028952127269	2.91193577761916	0.722150586999433
0.816814089933346	0.660678796032736	0.673465453354726	2.92790097703391	0.726393296351885
0.823097275240526	0.665256129887227	0.669889316087955	2.94345350075174	0.730613577011997
0.829380460547705	0.66985990986318	0.666298373798817	2.95858996163392	0.73481134276031
0.835663645854885	0.674489994188772	0.662690468094889	2.97330732336431	0.738986493787932
0.841946831162065	0.679146240422537	0.659063453070412	2.98760289627274	0.743138916761356
0.848230016469244	0.683828505368655	0.655415199576029	3.00147433275878	0.747268484914384
0.854513201776424	0.688536644992914	0.651743599401662	3.01491962232574	0.751375058166593
0.860796387083603	0.693270514339496	0.648046569367071	3.02793708623537	0.7554584832678
0.867079572390783	0.698029967448746	0.644322055314764	3.0405253717943	0.759518593967932
0.873362757697962	0.702814857276092	0.640568036000145	3.05268344628354	0.763555211211651
0.879645943005142	0.707625035612265	0.636782526873953	3.06441059054301	0.767568143357096
0.885929128312322	0.712460353004955	0.632963583752227	3.07570639222335	0.771557186418034
0.892212313619501	0.717320658682081	0.629109306369258	3.08657073871794	0.775522124328709
0.898495498926681	0.722205800476773	0.625217841809151	3.09700380978812	0.779462729230634
0.90477868423386	0.727115624754238	0.621287387811871	3.10700606989538	0.783378761780547
0.91106186954104	0.73204997634062	0.617316195949819	3.11657826025433	0.787269971478748
0.91734505484822	0.737008698453983	0.613302574671238	3.12572139062092	0.791136097016962
0.923628240155399	0.741991632637541	0.609244892206946	3.13443673083047	0.794976866644908
0.929911425462579	0.746998618695248	0.605141579337133	3.14272580210053	0.798791998554691
0.936194610769758	0.752029494629857	0.60099113201519	3.15059036811389	0.802581201282127
0.942477796076938	0.757084096583548	0.596792113845762	3.15803242589728	0.806344174124105
0.948760981384117	0.762162258781234	0.592543158414477	3.16505419651157	0.810080607571044
0.955044166691297	0.76726381347662	0.588242971467018	3.17165811556956	0.813790183753527
0.961327351998477	0.772388590901114	0.58389033293547	3.17784682359756	0.817472576902139
0.967610537305656	0.777536419215672	0.579484098810116	3.18362315625729	0.821127453819556
0.973893722612836	0.782707124465635	0.575023202855089	3.18899013444466	0.824754474363906
0.980176907920015	0.787900530538642	0.57050665816657	3.19395095428214	0.828353291942416
0.986460093227195	0.793116459125674	0.565933558572431	3.19850897702171	0.831923554014346
0.992743278534375	0.798354729685285	0.561303079872523	3.2026677188751	0.835464902602223
0.999026463841554	0.803615159411064	0.556614480919011	3.20643084078859	0.838976974810367
1.00530964914873	0.808897563202381	0.551867104536456	3.20980213817913	0.842459403349694
1.01159283445591	0.814201753638446	0.547060378281579	3.21278553064904	0.845911817067805
1.01787601976309	0.819527540955709	0.54219381504287	3.21538505169617	0.849333841483337
1.02415920507027	0.824874733028636	0.537267013480515	3.21760483843646	0.852725099323588
1.03044239037745	0.830243135353857	0.532279658307305	3.21944912135592	0.856085211064399
1.03672557568463	0.83563255103773	0.527231520411477	3.22092221410867	0.85941379547131
1.04300876099181	0.841042780787289	0.522122456822662	3.22202850337778	0.862710470140987
1.04929194629899	0.8464736229046	0.516952410522381	3.22277243881536	0.865974852041953
1.05557513160617	0.85192487328451	0.511721410100745	3.22315852307821	0.869206558053641
1.06185831691335	0.857396325415773	0.506429569261281	3.22319130197514	0.872405205502811
1.06814150222053	0.862887770385541	0.501077086176011	3.2228753547418	0.875570412696383
1.07442468752771	0.868398996887177	0.495664242693168	3.22221528445863	0.878701799449763
1.08070787283489	0.873929791231387	0.490191403400144	3.22121570862717	0.881798987609719
1.08699105814207	0.879479937360602	0.484659014544483	3.21988124991974	0.884861601570933
1.09327424344925	0.885049216866598	0.479067602815972	3.21821652711718	0.887889268785336
1.09955742875643	0.890637409011282	0.473417773993055	3.21622614624882	0.890881620263356
1.10584061406361	0.8962442907506	0.467710211457041	3.21391469194851	0.893838291066245
1.11212379937079	0.901869636761514	0.461945674577748	3.21128671904034	0.896758920788675
1.11840698467797	0.907513219471972	0.456124996974419	3.20834674436691	0.899643154030778
1.12469016998515	0.913174809093814	0.450249084655965	3.20509923887262	0.902490640858896
1.13097335529233	0.918854173658531	0.444318914044708	3.2015486199543	0.905301037254267
1.13725654059951	0.924551079055811	0.438335529888036	3.19769924409039	0.908074005548945
1.14353972590668	0.930265289074768	0.432300043062492	3.19355539976	0.91080921484825
1.14982291121386	0.9359965654478	0.426213628275004	3.189121300662	0.913506341439107
1.15610609652104	0.941744667896948	0.420077521666107	3.18440107924433	0.916165069183621
1.16238928182822	0.947509354182695	0.413893018320134	3.17939878055263	0.9187850898973
1.1686724671354	0.953290380155081	0.407661469687501	3.17411835640696	0.92136610371136
1.17495565244258	0.95908749980705	0.401384280924321	3.16856365991472	0.923907819418563
1.18123883774976	0.964900465329914	0.395062908154699	3.1627384403272	0.926409954802104
1.18752202305694	0.970729027170827	0.388698855661162	3.15664633824651	0.928872236947055
1.19380520836412	0.976572934092167	0.382293673008783	3.1502908811891	0.931294402533959
1.2000883936713	0.982431933232696	0.375848952108602	3.14367547951131	0.933676198114148
1.20637157897848	0.988305770170397	0.369366324226103	3.13680342270174	0.936017380366441
1.21265476428566	0.994194188986866	0.36284745694046	3.12967787604445	0.938317716334888
1.21893794959284	1.00009693233313	0.356294051060431	3.12230187765656	0.940576983647267
1.22522113490002	1.0060137414968	0.34970783750274	3.11467833590269	0.942794970714083
1.2315043202072	1.01194435647037	0.343090574138853	3.10681002718841	0.94497147690785
1.23778750551438	1.0178885160206	0.336444042616115	3.09869959413394	0.94710631272248
1.24407069082156	1.02384595775889	0.329770045159128	3.09034954412842	0.949199299912627
1.25035387612874	1.02981641821236	0.323070401357392	3.0817622482649	0.951250271612897
1.25663706143592	1.0357996328957	0.316346944945083	3.07293994065486	0.953259072436836
1.2629202467431	1.04179533638358	0.309601520578936	3.06388471812078	0.955225558555684
1.26920343205028	1.04780326238339	0.302835980620113	3.05459854026445	0.957149597756888
1.27548661735746	1.05382314380845	0.296052181925917	3.04508322990782	0.959031069482423
1.28176980266464	1.05985471285122	0.289251982657158	3.03534047390287	0.960869864847006
1.28805298797182	1.0658977010567	0.282437239106941	3.02537182430578	0.962665886636309
1.29433617327899	1.0719518393957	0.275609802556539	3.01517869991053	0.964419049285331
1.30061935858617	1.0780168583379	0.26877151616398	3.0047623881359	0.966129278837111
1.30690254389335	1.08409248792458	0.26192421189086	2.99412404725953	0.967796512882019
1.31318572920053	1.09017845784099	0.255069707472803	2.9832647089918	0.969420700477859
1.31946891450771	1.09627449748807	0.248209803438899	2.97218528138181	0.971001802051095
1.32575209981489	1.10238033605353	0.241346280185304	2.96088655204704	0.97253978927952
1.33203528512207	1.10849570258209	0.23448089510811	2.9493691917176	0.974034644956709
1.33831847042925	1.11462032604494	0.227615379800394	2.93763375808562	0.975486362838674
1.34460165573643	1.12075393540797	0.220751437318285	2.92568069994942	0.976894947473105
1.35088484104361	1.12689625969912	0.213890739520691	2.91351036164177	0.978260414011678
1.35716802635079	1.13304702807428	0.207034924487174	2.90112298773109	0.979582788005873
1.36345121165797	1.13920596988198	0.200185594018326	2.88851872798366	0.980862105186842
1.36973439696515	1.14537281472664	0.193344311222791	2.87569764257458	0.982098411229834
1.37601758227233	1.15154729253026	0.186512598194923	2.8626597075349	0.98329176150374
1.38230076757951	1.15772913359247	0.179691933786872	2.84940482042156	0.984442220806342
1.38858395288669	1.16391806864895	0.172883751478702	2.83593280619672	0.985549863085875
1.39486713819387	1.170113828928	0.166089437349941	2.82224342330244	0.986614771149516
1.40115032350105	1.17631614620526	0.159310328155781	2.80833636991636	0.987637036359457
1.40743350880823	1.18252475285643	0.152547709510889	2.79421129037391	0.988616758317233
1.41371669411541	1.18873938190811	0.145802814183642	2.77986778174188	0.989554044536973
1.41999987942259	1.19495976708636	0.139076820503323	2.7653054005283	0.990449010108302
1.42628306472977	1.2011856428633	0.132370850882619	2.7505236695132	0.991301777349577
1.43256625003695	1.20741674450135	0.125685970457541	2.73552208468445	0.992112475452225
1.43884943534413	1.21365280809534	0.119023185846639	2.7203001222631	0.992881240116901
1.4451326206513	1.21989357061218	0.112383444031179	2.70485724580199	0.993608213182228
1.45141580595848	1.2261387699283	0.105767631357674	2.68919291334178	0.994293542246888
1.45769899126566	1.23238814486457	0.0991765726639729	2.67330658460817	0.994937380285833
1.46398217657284	1.23864143521896	0.0926110305298493	2.65719772823407	0.995539885261394
1.47026536188002	1.24489838179654	0.0860717046527828	2.64086582899061	0.996101219730075
1.4765485471872	1.25115872643718	0.079559231349414	2.62431039501079	0.996621550445821
1.48283173249438	1.25742221204061	0.0730741831829012	2.60753096498959	0.997101047960547
1.48911491780156	1.26368858258907	0.066617068716161	2.59052711534458	0.997539886222721
1.49539810310874	1.26995758316736	0.0601883323907595	2.57329846732106	0.997938242174794
1.50168128841592	1.27622895998039	0.0537883545309637	2.55584469402604	0.998296295350261
1.5079644737231	1.28250246036821	0.0474174514722341	2.5381655273754	0.998614227471138
1.51424765903028	1.28877783281847	0.0410758758132228	2.52026076493892	0.998892222046636
1.52053084433746	1.29505482697642	0.0347638167900882	2.5021302766681	0.999130463973804
1.52681402964464	1.30133319365239	0.0284814007717207	2.48377401149186	0.999329139140901
1.53309721495182	1.30761268482673	0.0222286918742663	2.46519200376571	0.999488434034262
1.539380400259	1.3138930536524	0.016005692693085	2.44638437956005	0.999608535349387
1.54566358556618	1.32017405445505	0.00981234515009851	2.42735136277403	0.999689629606998
1.55194677087336	1.32645544273074	0.00364853145424145	2.40809328106123	0.999731902774779
1.55822995618054	1.33273697514126	-0.00248592482743958	2.38861057155453	0.999735539895488
1.56451314148772	1.33901840950723	-0.00859125759073806	2.36890378637729	0.999700724722155
1.5707963267949	1.34529950479881	-0.0146677569101342	2.34897359792905	0.999627639361009
1.57707951210208	1.35158002112429	-0.02071576765261	2.32882080393399	0.999516463922799
1.58336269740926	1.35785971971647	-0.0267356879926615	2.30844633224118	0.999367376183138
1.58964588271644	1.36413836291693	-0.0327279678319158	2.28785124536619	0.999180551252478
1.59592906802361	1.37041571415831	-0.0386931071269377	2.26703674476396	0.998956161256303
1.60221225333079	1.37669153794453	-0.0446316541289513	2.24600417482375	0.998694375026111
1.60849543863797	1.38296559982922	-0.0505442035393747	2.22475502657742	0.998395357801724
1.61477862394515	1.38923766639216	-0.0564313945851872	2.20329094111271	0.998059270945432
1.62106180925233	1.39550750521413	-0.0622939090183061	2.1816137126844	0.997686271668483
1.62734499455951	1.40177488484996	-0.0681324690432534	2.15972529151622	0.997276512770361
1.63362817986669	1.40803957480003	-0.073947835177531	2.1376277862875	0.996830142391307
1.63991136517387	1.41430134548028	-0.0797408040492207	2.11532346629905	0.996347303778472
1.64619455048105	1.42055996819072	-0.0855122061364208	2.09281476331352	0.995828135066107
1.65247773578823	1.4268152150827	-0.0912629034532326	2.07010427306613	0.995272769070117
1.65876092109541	1.43306685912485	-0.0969937871870924	2.04719475644232	0.994681333097311
1.66504410640259	1.43931467406793	-0.102705775292291	2.02408914031978	0.994053948769644
1.67132729170977	1.4455584344086	-0.108399810044619	2.00079051807286	0.993390731863693
1.67761047701695	1.45179791535219	-0.114076855562103	1.97730214973803	0.992691792165617
1.68389366232413	1.4580328927747	-0.119737895296848	1.9536274618401	0.991957233341785
1.69017684763131	1.46426314318394	-0.125383929503038	1.92977004687913	0.991187152825234
1.69646003293849	1.47048844368008	-0.131015972686154	1.90573366247924	0.990381641718111
1.70274321824567	1.4767085719156	-0.136635051038502	1.88152223020079	0.989540784710173
1.70902640355285	1.48292330605475	-0.142242199866121	1.85713983401832	0.988664660013444
1.71530958886003	1.48913242473277	-0.147838461012159	1.83259071846738	0.987753339313038
1.72159277416721	1.49533570701465	-0.15342488028177	1.80787928646395	0.986806887734183
1.72787595947439	1.50153293235398	-0.159002504873552	1.78301009680097	0.985825363825402
1.73415914478157	1.50772388055151	-0.16457238082254	1.75798786132702	0.984808819557792
1.74044233008875	1.51390833171392	-0.170135550459678	1.73281744181307	0.983757300340331
1.74672551539592	1.52008606621268	-0.175693049892679	1.70750384651362	0.982670845051076
1.7530087007031	1.52625686464312	-0.18124590651309	1.68205222642945	0.981549486084115
1.75929188601028	1.5324205077839	-0.186795136534301	1.65646787127964	0.980393249412079
1.76557507131746	1.5385767765569	-0.192341742565198	1.63075620519114	0.979202154664021
1.77185825662464	1.54472545198765	-0.197886711223991	1.60492278211486	0.977976215218417
1.77814144193182	1.55086631516637	-0.203431010796731	1.57897328097775	0.976715438311014
1.784424627239	1.55699914720978	-0.208975588944856	1.55291350058085	0.975419825157248
1.79070781254618	1.56312372922365	-0.214521370466022	1.52674935425387	0.974089371088891
1.79699099785336	1.56923984226635	-0.220069255112343	1.50048686427741	0.972724065704599
1.80327418316054	1.5753472673133	-0.225620115470031	1.47413215608415	0.971323893033968
1.80955736846772	1.58144578522255	-0.231174794904287	1.44769145225129	0.969888831714714
1.8158405537749	1.58753517670146	-0.236734105573138	1.42117106629628	0.968418855182554
1.82212373908208	1.59361522227468	-0.242298826513792	1.39457739628891	0.966913931873335
1.82840692438926	1.59968570225339	-0.247869701804887	1.36791691829282	0.965374025436952
1.83469010969644	1.60574639670593	-0.25344743880786	1.34119617964988	0.963799094962568
1.84097329500362	1.61179708542985	-0.259032706490504	1.31442179212134	0.962189095214622
1.8472564803108	1.61783754792556	-0.26462613383559	1.28760042489982	0.960543976879113
1.85353966561798	1.62386756337146	-0.270228308337239	1.26073879750653	0.958863686819601
1.85982285092516	1.62988691060079	-0.275839774587585	1.23384367258809	0.957148168342375
1.86610603623234	1.63589536808008	-0.281461032956028	1.2069218486281	0.955397361470214
1.87238922153952	1.64189271388945	-0.287092538363224	1.17998015258794	0.953611203224149
1.8786724068467	1.64787872570464	-0.292734699151747	1.15302543249219	0.951789627912622
1.88495559215388	1.65385318078087	-0.298387876055153	1.12606454997361	0.949932567427438
1.89123877746106	1.65981585593866	-0.304052381266992	1.09910437279292	0.94803995154588
1.89752196276823	1.66576652755142	-0.309728477611082	1.0721517673487	0.94611170823835
1.90380514807541	1.67170497153515	-0.315416377814203	1.04521359119254	0.944147763980911
1.91008833338259	1.67763096334003	-0.321116243882092	1.01829668556467	0.942148044072071
1.91637151868977	1.68354427794399	-0.326828186579487	0.991407867965178	0.940112472953157
1.92265470399695	1.68944468984839	-0.332552265014708	0.964553924775909	0.938040974531635
1.92893788930413	1.69533197307563	-0.338288486329081	0.93774160394786	0.935933472506708
1.93522107461131	1.70120590116894	-0.344036805491286	0.910977607768875	0.93378989069653
1.94150425991849	1.70706624719407	-0.34979712519653	0.884268585726162	0.931610153366396
1.94778744522567	1.71291278374322	-0.35556929587022	0.857621127477958	0.92939418555722
1.95407063053285	1.71874528294089	-0.361353115775605	0.831041755948417	0.927141913413682
1.96035381584003	1.72456351645186	-0.367148331224677	0.804536920559529	0.924853264511354
1.96663700114721	1.73036725549119	-0.372954636891406	0.778112990613538	0.922528168182195
1.97292018645439	1.73615627083629	-0.378771676226181	0.751776248839022	0.920166555837751
1.97920337176157	1.741930332841	-0.384599041970163	0.725532885113397	0.917768361289436
1.98548655706875	1.74768921145165	-0.390436276768039	0.699388990374287	0.915333521065279
1.99176974237593	1.75343267622511	-0.396282873877502	0.67335055073168	0.912861974722506
1.99805292768311	1.7591604963488	-0.40213827797358	0.647423441792459	0.910353665155371
2.00433611299029	1.76487244066262	-0.408001886045792	0.621613423208378	0.907808538897641
2.01061929829747	1.77056827768274	-0.413873048385897	0.59592613345806	0.905226546419155
2.01690248360465	1.77624777562725	-0.419751069663879	0.570367084873125	0.902607642415899
2.02318566891183	1.7819107024436	-0.425635210089614	0.544941658918008	0.899951786093054
2.02946885421901	1.78755682583782	-0.43152468665754	0.51965510173249	0.897258941440477
2.03575203952619	1.7931859133054	-0.437418674471473	0.494512519945392	0.894529077500112
2.04203522483337	1.79879773216389	-0.443316308146604	0.469518876767321	0.891762168624829
2.04831841014055	1.804392049587	-0.449216683285549	0.444678988369746	0.888958194728227
2.05460159544772	1.80996863264037	-0.455118858025201	0.419997520557101	0.886117141524931
2.0608847807549	1.8155272483187	-0.46102185465103	0.395478985737946	0.883239000760958
2.06716796606208	1.82106766358434	-0.466924661275338	0.371127740200639	0.88032377043374
2.07345115136926	1.82658964540727	-0.472826233575878	0.346947981698317	0.877371455001411
2.07973433667644	1.83209296080629	-0.478725496591164	0.322943747347262	0.87438206558098
2.08601752198362	1.83757737689146	-0.484621346568679	0.299118911842227	0.871355620135074
2.0923007072908	1.84304266090768	-0.490512652862116	0.275477185991472	0.868292143646896
2.09858389259798	1.84848858027929	-0.496398259873743	0.252022115573672	0.865191668283121
2.10486707790516	1.85391490265572	-0.50227698903784	0.228757080518227	0.862054233544467
2.11115026321234	1.859321395958	-0.508147640841189	0.205685294409727	0.858879886403672
2.11743344851952	1.86470782842609	-0.514008996876484	0.182809804316762	0.855668681430681
2.1237166338267	1.87007396866699	-0.51985982192449	0.160133490944512	0.852420680904829
2.12999981913388	1.8754195857035	-0.525698866060797	0.137659069109967	0.849135954913869
2.13628300444106	1.88074444902355	-0.531524866782918	0.115389088537862	0.845814581439695
2.14256618974824	1.88604832863004	-0.537336551153516	0.0933259349748734	0.842456646430645
2.14884937505542	1.89133099509108	-0.543132637955516	0.0714718316188634	0.839062243860302
2.1551325603626	1.89659221959058	-0.54891183985486	0.0498288408593897	0.835631475772723
2.16141574566978	1.90183177397903	-0.554672865566662	0.0283988663250242	0.83216445231407
2.16769893097696	1.90704943082451	-0.560414422020567	0.00718365523242947	0.828661291750629
2.17398211628414	1.91224496346371	-0.566135216521089	-0.013815198968499	0.825122120473238
2.18026530159132	1.91741814605296	-0.571833958898799	-0.0345962536596974	0.821547072988168
2.1865484868985	1.92256875361916	-0.577509363648212	-0.0551582138370331	0.817936291894527
2.19283167220568	1.92769656211052	-0.583160152048329	-0.0754999286169317	0.814289927848283
2.19911485751286	1.93280134844703	-0.58878505426179	-0.0956203874754344	0.81060813951303
2.20539804282003	1.9378828905706	-0.5943828114087	-0.115518716228258	0.806891093497636
2.21168122812721	1.94294096749472	-0.599952177611238	-0.135194172760853	0.803138964280967
2.21796441343439	1.94797535935369	-0.605491922005256	-0.154646142518017	0.799351934123839
2.22424759874157	1.95298584745115	-0.611000830715112	-0.173874133763015	0.795530192968475
2.23053078404875	1.95797221430804	-0.616477708788154	-0.192877772616734	0.791673938325654
2.23681396935593	1.96293424370975	-0.621921382085286	-0.211656797887698	0.787783375149854
2.24309715466311	1.96787172075244	-0.627330699124201	-0.230211055704268	0.783858715702662
2.24938033997029	1.97278443188856	-0.63270453287197	-0.248540493960738	0.779900179404754
2.25566352527747	1.97767216497128	-0.638041782483768	-0.266645156589308	0.775907992676789
2.26194671058465	1.98253470929794	-0.643341374984675	-0.284525177670391	0.771882388769545
2.26822989589183	1.98737185565247	-0.648602266891579	-0.302180775393889	0.767823607583683
2.27451308119901	1.9921833963465	-0.653823445772381	-0.319612245884459	0.763731895479512
2.28079626650619	1.99696912525938	-0.659003931739789	-0.336819956903962	0.759607505077161
2.28707945181337	2.00172883787684	-0.664142778877183	-0.353804341444615	0.755450695047579
2.29336263712055	2.0064623313283	-0.669239076594131	-0.370565891226471	0.751261729894794
2.29964582242773	2.01116940442289	-0.674291950909306	-0.387105150113087	0.747040879729886
2.30592900773491	2.01584985768387	-0.67930056565872	-0.403422707459408	0.742788420037126
2.31221219304209	2.02050349338167	-0.684264123627307	-0.419519191405928	0.738504631432769
2.31849537834927	2.02513011556538	-0.689181867602081	-0.435395262133379	0.734189799416981
2.32477856365645	2.0297295300926	-0.694053081345241	-0.451051605092203	0.729844214119398
2.33106174896363	2.03430154465774	-0.698877090485761	-0.466488924221123	0.725468170038827
2.33734493427081	2.03884596881862	-0.703653263328146	-0.481707935169107	0.721061965777608
2.34362811957799	2.04336261402145	-0.708381011577256	-0.496709358535059	0.716625903771149
2.34991130488517	2.04785129362399	-0.713059790978188	-0.511493913139435	0.712160290013183
2.35619449019234	2.05231182291708	-0.717689101870448	-0.526062309341998	0.707665433777268
2.36247767549952	2.05674401914434	-0.722268489655774	-0.540415242419753	0.703141647335076
2.3687608608067	2.06114770152013	-0.726797545179132	-0.554553386018996	0.698589245672017
2.37504404611388	2.06552269124571	-0.731275905022614	-0.568477385695277	0.694008546200741
2.38132723142106	2.06986881152357	-0.73570325171209	-0.58218785255485	0.689399868473069
2.38761041672824	2.07418588756995	-0.740079313836673	-0.595685357011013	0.684763533890898
2.39389360203542	2.07847374662558	-0.744403866081183	-0.608970422668462	0.680099865416632
2.4001767873426	2.08273221796458	-0.748676729172004	-0.622043520348596	0.675409187283676
2.40645997264978	2.08696113290152	-0.752897769736842	-0.634905062268325	0.670691824707544
2.41274315795696	2.09116032479667	-0.757066900079098	-0.64755539638473	0.665948103598122
2.41902634326414	2.09532962905951	-0.761184077867701	-0.659994800917525	0.661178350273601
2.42530952857132	2.09946888315036	-0.765249305743408	-0.672223479060932	0.656382891176637
2.4315927138785	2.10357792658032	-0.769262630842736	-0.68424155389624	0.651562052593237
2.43787589918568	2.10765660090934	-0.773224144240829	-0.696049063515883	0.646716160374887
2.44415908449286	2.11170474974272	-0.777133980314733	-0.707645956369489	0.641845539664444
2.45044226980004	2.11572221872572	-0.780992316028659	-0.719032086841896	0.636950514626261
2.45672545510722	2.11970885553664	-0.78479937014299	-0.730207211072723	0.63203140818105
2.4630086404144	2.12366450987816	-0.788555402348892	-0.741170983026559	0.627088541745956
2.46929182572158	2.12758903346707	-0.792260712330547	-0.751922950822402	0.622122234980279
2.47557501102876	2.13148228002249	-0.795915638757118	-0.762462553330465	0.617132805537332
2.48185819633594	2.13534410525246	-0.799520558206717	-0.772789117043956	0.612120568822828
2.48814138164312	2.13917436683912	-0.803075884024721	-0.782901853232896	0.607085837760249
2.4944245669503	2.14297292442235	-0.806582065118931	-0.792799855386557	0.602028922563583
2.50070775225748	2.14673963958208	-0.810039584694144	-0.802482096950503	0.596950130517819
2.50699093756465	2.1504743758192	-0.813448958928817	-0.811947429363671	0.591849765767587
2.51327412287183	2.15417699853521	-0.816810735596615	-0.821194580400407	0.586728129114273
2.51955730817901	2.15784737501059	-0.820125492635682	-0.83022215282175	0.581585517821975
2.52584049348619	2.16148537438199	-0.823393836668608	-0.839028623339697	0.576422225432597
2.53212367879337	2.16509086761826	-0.82661640147609	-0.847612341897622	0.571238541590391
2.53840686410055	2.16866372749547	-0.829793846427399	-0.855971531269397	0.566034751876221
2.54469004940773	2.17220382857089	-0.832926854870793	-0.864104286979197	0.560811137651833
2.55097323471491	2.17571104715597	-0.83601613248711	-0.872008577543391	0.555567975914335
2.55725642002209	2.17918526128852	-0.839062405609785	-0.879682245035285	0.55030553916114
2.56353960532927	2.18262635070406	-0.842066419514619	-0.887123005972943	0.545024095265566
2.56982279063645	2.18603419680637	-0.845028936682646	-0.894328452529684	0.539723907363254
2.57610597594363	2.18940868263738	-0.847950735039466	-0.901296054066284	0.534405233749587
2.58238916125081	2.19274969284653	-0.850832606174471	-0.908023158983325	0.529068327788236
2.58867234655799	2.19605711365945	-0.85367535354338	-0.914506996891524	0.523713437830944
2.59495553186517	2.1993308328463	-0.856479790657521	-0.920744681097382	0.518340807148651
2.60123871717235	2.20257073968964	-0.8592467392633	-0.926733211400796	0.512950673874028
2.60752190247953	2.205776724952	-0.86197702751533	-0.932469477200857	0.507543270955474
2.61380508778671	2.20894868084316	-0.864671488146609	-0.937950260905397	0.502118826122592
2.62008827309389	2.21208650098734	-0.867330956639225	-0.943172241639364	0.496677561863182
2.62637145840107	2.21519008039019	-0.869956269398959	-0.948131999246554	0.491219695411694
2.63265464370825	2.21825931540575	-0.872548261937183	-0.952826018578706	0.485745438749149
2.63893782901543	2.22129410370352	-0.875107767063397	-0.957250694065471	0.480254998614439
2.64522101432261	2.22429434423557	-0.877635613091722	-0.961402334558258	0.474748576526948
2.65150419962979	2.22725993720383	-0.880132622064622	-0.965277168440476	0.469226368820386
2.65778738493696	2.23019078402766	-0.882599607997058	-0.968871348996248	0.463688566687724
2.66407057024414	2.23308678731172	-0.885037375144278	-0.972180960029186	0.458135356237087
2.67035375555132	2.2359478508142	-0.887446716296302	-0.975202021722422	0.452566918558448
2.6766369408585	2.23877387941555	-0.889828411102188	-0.977930496730625	0.446983429800951
2.68292012616568	2.24156477908774	-0.892183224427024	-0.980362296494378	0.44138506126065
2.68920331147286	2.24432045686398	-0.89451190474455	-0.982493287766881	0.435771979478475
2.69548649678004	2.24704082080926	-0.896815182568236	-0.984319299342568	0.430144346348171
2.70176968208722	2.24972577999148	-0.899093768923529	-0.985836128976929	0.424502319233965
2.7080528673944	2.25237524445338	-0.901348353863937	-0.987039550486443	0.418846051097698
2.71433605270158	2.25498912518532	-0.903579605033471	-0.987925321017275	0.413175690635141
2.72061923800876	2.25756733409892	-0.905788166277927	-0.988489188471048	0.407491382421184
2.72690242331594	2.26010978400164	-0.907974656307339	-0.988726899075807	0.401793267063592
2.73318560862312	2.26261638857236	-0.910139667411857	-0.988634205089975	0.396081481365005
2.7394687939303	2.26508706233801	-0.912283764233191	-0.988206872626938	0.390356158492825
2.74575197923748	2.26752172065128	-0.91440748259364	-0.987440689587648	0.384617428156646
2.75203516454466	2.26992027966946	-0.916511328384631	-0.986331473688502	0.378865416792858
2.75831834985184	2.27228265633449	-0.918595776516557	-0.984875080571548	0.373100247756037
2.76460153515902	2.27460876835421	-0.920661269931585	-0.983067411983979	0.367322041516736
2.7708847204662	2.27689853418484	-0.922708218680995	-0.98090442401373	0.36153091586529
2.77716790577338	2.27915187301485	-0.924736999068489	-0.978382135367926	0.355726986121192
2.78345109108056	2.28136870475008	-0.926747952860757	-0.975496635680857	0.349910365347656
2.78973427638774	2.28354895000024	-0.928741386566483	-0.972244093838086	0.344081164570921
2.79601746169492	2.28569253006684	-0.930717570784855	-0.968620766303318	0.338239493003862
2.8023006470021	2.28779936693249	-0.932676739624476	-0.964623005434614	0.332385458273484
2.80858383230927	2.28986938325164	-0.934619090193477	-0.960247267776586	0.326519166651838
2.81486701761645	2.29190250234284	-0.936544782161489	-0.955490122315224	0.320640723289911
2.82115020292363	2.29389864818243	-0.938453937393997	-0.950348258682113	0.31475023245405
2.82743338823081	2.29585774539969	-0.940346639659469	-0.944818495294815	0.308847797764451
2.83371657353799	2.2977797192736	-0.942222934409526	-0.938897787420385	0.302933522435256
2.83999975884517	2.29966449573097	-0.944082828632279	-0.932583235149038	0.297007509515805
2.84628294415235	2.30151200134624	-0.945926290778836	-0.925872091265179	0.291069862132579
2.85256612945953	2.30332216334265	-0.94775325076285	-0.91876176900318	0.285120683731375
2.85884931476671	2.30509490959509	-0.949563600032845	-0.911249849675416	0.279160078319251
2.86513250007389	2.30683016863431	-0.951357191716931	-0.903334090160385	0.273188150705802
2.87141568538107	2.30852786965276	-0.953133840839408	-0.895012430238835	0.267205006743278
2.87769887068825	2.31018794251187	-0.954893324608594	-0.886282999766188	0.261210753565142
2.88398205599543	2.31181031775086	-0.956635382775146	-0.877144125669718	0.25520549982258
2.89026524130261	2.31339492659702	-0.958359718059965	-0.867594338759278	0.249189355918546
2.89654842660979	2.31494170097741	-0.9600659966507	-0.857632380340637	0.243162434238906
2.90283161191697	2.31645057353208	-0.961753848765722	-0.847257208620818	0.237124849380242
2.90911479722415	2.31792147762861	-0.963422869284345	-0.836468004895134	0.231076718373913
2.91539798253133	2.31935434737818	-0.965072618441944	-0.825264179505988	0.225018160905943
2.92168116783851	2.32074911765286	-0.96670262258852	-0.813645377563851	0.218949299532347
2.92796435314569	2.32210572410431	-0.968312375009161	-0.801611484421162	0.212870259889492
2.93424753845287	2.32342410318385	-0.96990133680473	-0.789162630890369	0.206781170899113
2.94053072376005	2.32470419216365	-0.971468937831037	-0.776299198197615	0.200682164967619
2.94681390906723	2.32594592915928	-0.973014577694632	-0.763021822664075	0.194573378179304
2.95309709437441	2.32714925315339	-0.974537626803283	-0.749331400107287	0.188454950483139
2.95938027968159	2.32831410402058	-0.976037427469113	-0.735229089955338	0.182327025872799
2.96566346498876	2.32944042255334	-0.977513295062271	-0.720716319067093	0.176189752559589
2.97194665029594	2.33052815048909	-0.978964519212957	-0.705794785252202	0.170043283137978
2.97822983560312	2.33157723053822	-0.980390365059526	-0.690466460485028	0.163887774743427
2.9845130209103	2.33258760641309	-0.981790074540348	-0.674733593807066	0.157723389202242
2.99079620621748	2.33355922285794	-0.983162867726985	-0.658598713912971	0.151550293173177
2.99707939152466	2.33449202567971	-0.984507944196272	-0.642064631415716	0.145368658280533
3.00336257683184	2.3353859617796	-0.985824484438724	-0.625134440786907	0.139178661238528
3.00964576213902	2.33624097918544	-0.987111651300732	-0.607811521968739	0.132980483966702
3.0159289474462	2.33705702708473	-0.988368591457902	-0.59009954165464	0.126774313696169
3.02221213275338	2.33783405585831	-0.989594436916879	-0.572002454235984	0.120560343066516
3.02849531806056	2.33857201711465	-0.990788306542944	-0.553524502412929	0.114338770213182
3.03477850336774	2.33927086372459	-0.991949307610646	-0.534670217467775	0.108109798845172
3.04106168867492	2.33993054985663	-0.993076537374701	-0.515444419199781	0.101873638312954
3.0473448739821	2.34055103101251	-0.994169084658357	-0.495852215520925	0.0956305036664369
3.05362805928928	2.34113226406322	-0.995226031456415	-0.475899001712463	0.0893806157029171
3.05991124459646	2.34167420728521	-0.996246454550085	-0.455590459342729	0.0831242010049149
3.06619442990364	2.34217682039683	-0.997229427130827	-0.434932554847036	0.0768614919678333
3.07247761521082	2.34264006459495	-0.998174020430335	-0.413931537771108	0.0705927268173996
3.078760800518	2.34306390259156	-0.999079305353836	-0.392593938679772	0.0643181496168427
3.08504398582518	2.34344829865051	-0.999944354113843	-0.370926566733347	0.0580380102638152
3.09132717113236	2.34379321862408	-1.00076824186155	-0.348936506934434	0.0517525644770534
3.09761035643954	2.34409862998952	-1.00155004831303	-0.326631117048348	0.045462073772795
3.10389354174672	2.34436450188535	-1.00228885936752	-0.304018024200926	0.0391668054310152
3.1101767270539	2.34459080514746	-1.00298376871482	-0.281105121157795	0.0328670324515154
3.11645991236107	2.34477751234488	-1.00363387942937	-0.257900562289706	0.0265630334999609
3.12274309766825	2.34492459781519	-1.00423830554797	-0.234412759228913	0.0202550928439471
3.12902628297543	2.34503203769947	-1.00479617362872	-0.21065037622205	0.0139435002792171
3.13530946828261	2.3450998099768	-1.00530662428833	-0.186622325185258	0.00762855104614082
3.14159265358979	2.34512789449817	-1.00576881371543	-0.162337760467904	0.00131054573661968
3.14787583889697	2.34511627301979	-1.00618191515713	-0.137806073331402	-0.00501020980844266
3.15415902420415	2.34506492923574	-1.00654512037649	-0.113036886150174	-0.0113334046109144
3.16044220951133	2.34497384880983	-1.00685764107839	-0.0880400463421275	-0.0176587226762735
3.16672539481851	2.34484301940678	-1.00711871030145	-0.0628256200363076	-0.0239858431232953
3.17300858012569	2.34467243072243	-1.00732758377372	-0.037403885485818	-0.0303144403223755
3.17929176543287	2.34446207451315	-1.00748354122981	-0.0117853262343573	-0.0366441840422524
3.18557495074005	2.34421194462427	-1.00758588768745	0.0140193759548952	-0.0429747396048723
3.19185813604723	2.34392203701753	-1.00763395468123	0.0399993483991336	-0.0493057680481528
3.19814132135441	2.34359234979742	-1.00762710145157	0.0661435350151547	-0.0556369262963477
3.20442450666159	2.3432228832365	-1.00756471608704	0.0924407040484822	-0.0619678673377438
3.21070769196877	2.34281363979957	-1.00744621661806	0.118879456002557	-0.0682982404093795
3.21699087727595	2.34236462416662	-1.00727105206032	0.145448231757965	-0.0746276911884832
3.22327406258313	2.34187584325456	-1.00703870340619	0.172135320871405	-0.0809558619902957
3.22955724789031	2.34134730623776	-1.0067486845626	0.198928870043977	-0.0872823919719664
3.23584043319749	2.34077902456719	-1.00640054323372	0.225816891748075	-0.0936069173421619
3.24212361850467	2.34017101198829	-1.00599386174736	0.252787273002024	-0.0999290715760435
3.24840680381185	2.33952328455747	-1.00552825782344	0.279827784281533	-0.106248485635264
3.25468998911903	2.33883586065716	-1.00500338528362	0.3069260885567	-0.112564788192599
3.26097317442621	2.33810876100952	-1.00441893470081	0.33406975044337	-0.118877605860855
3.26725635973338	2.33734200868863	-1.00377463398761	0.361246245457417	-0.125186563425664
3.27353954504056	2.33653562913124	-1.00307024892288	0.388442969360468	-0.131491284081788
3.27982273034774	2.335689650146	-1.00230558361553	0.415647247585464	-0.137791389672518
3.28610591565492	2.33480410192119	-1.00148048090486	0.442846344730516	-0.144086500931812
3.2923891009621	2.33387901703096	-1.000594822697	0.470027474109254	-0.150376237728732
3.29867228626928	2.33291443043996	-0.999648530236832	0.49717780734606	-0.15666021931379
3.30495547157646	2.33191037950644	-0.998641564315083	0.52428448400445	-0.162938064566815
3.31123865688364	2.33086690398381	-0.997573925410396	0.551334621236819	-0.169209392245901
3.31752184219082	2.32978404602065	-0.996445653766143	0.578315323443957	-0.175473821237053
3.323805027498	2.32866185015906	-0.995256829401992	0.605213691932598	-0.1817309708041
3.33008821280518	2.32750036333156	-0.994007572060287	0.632016834559448	-0.187980460838493
3.33637139811236	2.32629963485633	-0.992698041087405	0.658711875350096	-0.194221912108539
3.34265458341954	2.32505971643093	-0.991328435250385	0.685285964081448	-0.200454946507708
3.34893776872672	2.32378066212444	-0.989898992489214	0.711726285816223	-0.206679187301573
3.3552209540339	2.32246252836808	-0.988409989605241	0.738020070378359	-0.212894259372992
3.36150413934108	2.32110537394431	-0.986861741886344	0.764154601758194	-0.219099789465139
3.36778732464826	2.31970925997432	-0.985254602669521	0.790117227436446	-0.225295406421981
3.37407050995544	2.31827424990415	-0.983588962841713	0.81589536761622	-0.231480741425811
3.38035369526262	2.3168004094892	-0.981865250279754	0.8414765243524	-0.237655428231453
3.3866368805698	2.31528780677741	-0.980083929230436	0.866848290568	-0.243819103396761
3.39292006587698	2.31373651209086	-0.978245499631789	0.891998358947214	-0.249971406509034
3.39920325118416	2.31214659800608	-0.976350496376741	0.91691453069521	-0.256111980406989
3.40548643649134	2.31051813933293	-0.974399488520452	0.941584724154767	-0.262240471397929
3.41176962179852	2.30885121309212	-0.972393078432668	0.965996983270336	-0.268356529469753
3.4180528071057	2.30714589849148	-0.970331900896556	0.990139485890126	-0.274459808497479
3.42433599241287	2.30540227690083	-0.968216622155549	1.01400055189723	-0.28054996644393
3.43061917772005	2.30362043182573	-0.966047938909816	1.03756865116103	-0.286626665554282
3.43690236302723	2.30180044887999	-0.963826577264058	1.06083241130042	-0.292689572544149
3.44318554833441	2.29994241575696	-0.961553291628388	1.08378062525062	-0.298738358780905
3.44946873364159	2.29804642219978	-0.959228863574165	1.10640225862584	-0.304772700457963
3.45575191894877	2.29611255997056	-0.956854100646654	1.1286864568701	-0.310792278761728
3.46203510425595	2.29414092281842	-0.954429835136541	1.1506225521891	-0.316796780030953
3.46831828956313	2.29213160644672	-0.951956922812307	1.17220007025616	-0.322785895908258
3.47460147487031	2.29008470847924	-0.949436241615587	1.19340873668582	-0.32875932348357
3.48088466017749	2.28800032842553	-0.946868690321674	1.21423848326877	-0.334716765429243
3.48716784548467	2.28587856764541	-0.944255187167373	1.23467945396229	-0.340657930126673
3.49345103079185	2.2837195293128	-0.941596668448476	1.25472201063087	-0.34658253178418
3.49973421609903	2.28152331837865	-0.938894087089167	1.2743567385317	-0.352490290546005
3.50601740140621	2.27929004153343	-0.936148411185712	1.29357445154046	-0.358380932592215
3.51230058671339	2.27701980716883	-0.933360622526816	1.312366197113	-0.364254190229407
3.51858377202057	2.27471272533908	-0.930531715093081	1.33072326097892	-0.37010980197203
3.52486695732775	2.27236890772167	-0.927662693538018	1.34863717156353	-0.375947512614225
3.53115014263493	2.26998846757767	-0.924754571653099	1.36609970413496	-0.381767073292074
3.53743332794211	2.26757151971179	-0.921808370819349	1.38310288467367	-0.387568241536156
3.54371651324929	2.26511818043199	-0.918825118448005	1.39963899346188	-0.393350781314338
3.54999969855647	2.26262856750896	-0.91580584641279	1.41570056839103	-0.399114463064746
3.55628288386365	2.26010280013538	-0.912751589476343	1.43128040798555	-0.404859063718861
3.56256606917083	2.25754099888506	-0.909663383713366	1.44637157414186	-0.410584366714714
3.56884925447801	2.25494328567209	-0.90654226493305	1.46096739458169	-0.416290162000181
3.57513243978518	2.25230978370987	-0.90338926710334	1.47506146501933	-0.421976246026357
3.58141562509236	2.2496406174704	-0.900205420779593	1.48864765104287	-0.427642421731049
3.58769881039954	2.24693591264352	-0.896991751540181	1.50172008970969	-0.433288498512416
3.59398199570672	2.24419579609643	-0.893749278431555	1.51427319085705	-0.438914292192807
3.6002651810139	2.24142039583353	-0.890479012425307	1.52630163812901	-0.444519624972865
3.60654836632108	2.23860984095645	-0.887181954889715	1.53780038972098	-0.45010432537598
3.61283155162826	2.23576426162455	-0.883859096078235	1.54876467884413	-0.455668228183195
3.61911473693544	2.23288378901581	-0.880511413637398	1.55919001391177	-0.461211174358667
3.62539792224262	2.22996855528827	-0.877139871136506	1.56907217845039	-0.466733010965827
3.6316811075498	2.22701869354197	-0.873745416621514	1.57840723073846	-0.472233591074373
3.63796429285698	2.22403433778155	-0.870328981195421	1.58719150317641	-0.477712773658259
3.64424747816416	2.22101562287947	-0.866891477627464	1.59542160139139	-0.483170423484854
3.65053066347134	2.21796268453998	-0.863433798993369	1.60309440308113	-0.488606410995463
3.65681384877852	2.2148756592639	-0.859956817348836	1.61020705660112	-0.494020612177396
3.6630970340857	2.21175468431418	-0.856461382438413	1.61675697930004	-0.499412908427829
3.66938021939288	2.20859989768232	-0.852948320441829	1.62274185560848	-0.504783186409651
3.67566340470006	2.20541143805582	-0.849418432759829	1.62815963488625	-0.510131337899575
3.68194659000724	2.20218944478651	-0.845872494841442	1.6330085290342	-0.515457259628733
3.68822977531442	2.19893405785994	-0.842311255054611	1.63728700987628	-0.520760853116054
3.6945129606216	2.19564541786587	-0.83873543360198	1.64099380631846	-0.526042024494666
3.70079614592878	2.19232366596978	-0.835145721483606	1.64412790129064	-0.531300684331657
3.70707933123596	2.18896894388565	-0.831542779508275	1.64668852847882	-0.536536747441451
3.71336251654314	2.18558139384987	-0.827927237355022	1.64867516885426	-0.541750132693137
3.71964570185032	2.18216115859634	-0.824299692686369	1.65008754700711	-0.546940762812061
3.72592888715749	2.17870838133294	-0.820660710314734	1.65092562729194	-0.552108564176015
3.73221207246467	2.17522320571919	-0.817010821423365	1.65118960979312	-0.557253466606357
3.73849525777185	2.17170577584527	-0.813350522843062	1.65087992611773	-0.562375403154407
3.74477844307903	2.16815623621248	-0.80968027638587	1.64999723502435	-0.567474309883488
3.75106162838621	2.16457473171493	-0.806000508236853	1.64854241789598	-0.57255012564695
3.75734481369339	2.16096140762277	-0.802311608404921	1.64651657406565	-0.577602791862562
3.76362799900057	2.15731640956675	-0.798613930233646	1.64392101600316	-0.582632252283648
3.76991118430775	2.15363988352432	-0.794907789972862	1.64075726437199	-0.587638452767326
3.77619436961493	2.14993197580712	-0.791193466411782	1.63702704296509	-0.592621341040261
3.78247755492211	2.14619283304997	-0.787471200574234	1.63273227352865	-0.597580866462305
3.78876074022929	2.14242260220137	-0.783741195476566	1.62787507048288	-0.60251697978841
3.79504392553647	2.13862143051547	-0.780003615948624	1.62245773554904	-0.607429632929229
3.80132711084365	2.13478946554558	-0.77625858851814	1.61648275229199	-0.612318778710788
3.80761029615083	2.13092685513917	-0.772506201358755	1.60995278058749	-0.617184370633624
3.81389348145801	2.12703374743439	-0.768746504301806	1.60287065102364	-0.622026362631811
3.82017666676519	2.12311029085808	-0.7649795089119	1.59523935924581	-0.626844708832243
3.82645985207237	2.11915663412535	-0.761205188626213	1.58706206025446	-0.631639363314611
3.83274303737955	2.1151729262406	-0.757423478957323	1.57834206266518	-0.636410279872435
3.83902622268673	2.11115931650009	-0.753634277759325	1.56908282294028	-0.64115741177559
3.84530940799391	2.10711595449595	-0.749837445556844	1.55928793960139	-0.645880711534685
3.85159259330109	2.10304299012166	-0.746032805936476	1.54896114743211	-0.650580130667712
3.85787577860827	2.0989405735791	-0.742220146000095	1.53810631168008	-0.655255619469354
3.86415896391545	2.09480885538686	-0.738399216879361	1.52672742226759	-0.659907126783325
3.87044214922263	2.09064798639012	-0.734569734310655	1.51482858801967	-0.66453459977814
3.8767253345298	2.08645811777182	-0.730731379269602	1.5024140309187	-0.66913798372668
3.88300851983698	2.08223940106532	-0.726883798664216	1.48948808039427	-0.673717221789934
3.88929170514416	2.07799198816829	-0.723026606085646	1.47605516765706	-0.678272254805269
3.89557489045134	2.07371603135796	-0.71915938261536	1.46211982008522	-0.682803021079607
3.90185807575852	2.06941168330767	-0.715281677687575	1.44768665567167	-0.68730945618784
3.9081412610657	2.06507909710467	-0.711393010005609	1.43276037754049	-0.691791492776829
3.91442444637288	2.06071842626908	-0.707492868510759	1.41734576854052	-0.696249060375344
3.92070763168006	2.05632982477409	-0.703580713402246	1.4014476859239	-0.700682085210231
3.92699081698724	2.05191344706727	-0.699655977206642	1.3850710561173	-0.705090490029159
3.93327400229442	2.04746944809294	-0.695718065895174	1.36822086959314	-0.709474193930236
3.9395571876016	2.04299798331565	-0.69176636004717	1.35090217584814	-0.713833112198782
3.94584037290878	2.03849920874461	-0.687800216057879	1.33312007849595	-0.718167156151564
3.95212355821596	2.0339732809591	-0.683818967388795	1.31487973048079	-0.722476232988746
3.95840674352314	2.02942035713478	-0.679821925858582	1.29618632941833	-0.726760245653827
3.96468992883032	2.02484059507086	-0.675808382972594	1.27704511307019	-0.731019092701816
3.9709731141375	2.02023415321805	-0.671777611288948	1.25746135495776	-0.735252668175868
3.97725629944468	2.0156011907073	-0.667728865819056	1.2374403601211	-0.739460861492617
3.98353948475186	2.01094186737917	-0.663661385460423	1.2169874610282	-0.743643557336419
3.98982267005904	2.0062563438139	-0.659574394459534	1.19610801363954	-0.747800635562678
3.99610585536622	2.00154478136202	-0.655467103902537	1.17480739363281	-0.751931971110462
4.0023890406734	1.99680734217551	-0.65133871323142	1.153090992792	-0.756037433924567
4.00867222598058	1.99204418923936	-0.647188411783353	1.1309642155651	-0.76011688888718
4.01495541128776	1.98725548640359	-0.643015380350768	1.10843247579405	-0.764170195759274
4.02123859659494	1.98244139841561	-0.638818792759796	1.08550119362033	-0.768197209131874
4.02752178190211	1.97760209095279	-0.634597817464574	1.06217579256943	-0.772197778387286
4.03380496720929	1.9727377306553	-0.630351619154962	1.03846169681664	-0.776171747670388
4.04008815251647	1.96784848515908	-0.626079360375158	1.01436432863689	-0.780118955870063
4.04637133782365	1.96293452312892	-0.621780203150693	0.989889106040392	-0.784039236610815
4.05265452313083	1.95799601429148	-0.617453310621257	0.965041440595897	-0.787932418254647
4.05893770843801	1.95303312946839	-0.613097848676823	0.939826735442958	-0.791798323913196
4.06522089374519	1.94804604060911	-0.60871298759449	0.914250383494029	-0.795636771470156
4.07150407905237	1.94303492082374	-0.604297903673508	0.88831776582717	-0.799447573613982
4.07778726435955	1.93799994441548	-0.5998517808659	0.862034250269527	-0.803230537880858
4.08407044966673	1.93294128691289	-0.595373812400138	0.835405190171602	-0.806985466707876
4.09035363497391	1.92785912510169	-0.59086320239532	0.808435923371763	-0.81071215749641
4.09663682028109	1.92275363705621	-0.586319167463305	0.781131771350327	-0.814410402685576
4.10292000558827	1.91762500217028	-0.581740938296298	0.753498038571995	-0.818079989835725
4.10920319089545	1.91247340118763	-0.577127761237365	0.725540012015184	-0.821720701721857
4.11548637620263	1.90729901623161	-0.572478899831409	0.697262960886425	-0.82533231643684
4.12176956150981	1.90210203083427	-0.56779363635416	0.668672136517677	-0.828914607504306
4.12805274681699	1.8968826299647	-0.563071273316746	0.639772772444022	-0.832467344001087
4.13433593212417	1.89164100005654	-0.558311134943473	0.610570084658942	-0.835990290689009
4.14061911743135	1.88637732903467	-0.553512568620455	0.581069272043981	-0.839483208155885
4.14690230273853	1.88109180634095	-0.548674946312793	0.551275516969327	-0.842945852965523
4.15318548804571	1.87578462295906	-0.543797665948051	0.521193986061542	-0.846377977816518
4.15946867335289	1.87045597143818	-0.538880152763809	0.490829831134324	-0.849779331709631
4.16575185866007	1.86510604591575	-0.533921860617132	0.460188190277866	-0.853149660123524
4.17203504396725	1.859735042139	-0.528922273253871	0.429274189102194	-0.856488705198583
4.17831822927443	1.85434315748533	-0.523880905535731	0.398092942129487	-0.859796205928596
4.1846014145816	1.84893059098144	-0.518797304623139	0.366649554330042	-0.86307189836
4.19088459988878	1.84349754332123	-0.513671051111992	0.334949122796546	-0.866315515798416
4.19716778519596	1.83804421688235	-0.508501760122443	0.302996738550734	-0.869526789022174
4.20345097050314	1.83257081574137	-0.503289082337938	0.270797488476523	-0.872705446502526
4.20973415581032	1.8270775456876	-0.498032704992813	0.238356457373287	-0.87585121463023
4.2160173411175	1.82156461423539	-0.492732352806818	0.205678730122916	-0.878963817948167
4.22230052642468	1.81603223063506	-0.487387788865024	0.172769393963857	-0.882042979389664
4.22858371173186	1.81048060588216	-0.481998815441656	0.13963354086538	-0.885088420522167
4.23486689703904	1.80490995272537	-0.476565274766448	0.106276269994875	-0.888099861795912
4.24115008234622	1.79932048567267	-0.471087049732252	0.0727026902710395	-0.891077022797229
4.2474332676534	1.79371242099594	-0.465564064542673	0.0389179229955009	-0.894019622506098
4.25371645296058	1.78808597673403	-0.459996285298627	0.00492710455530156	-0.89692737955759
4.25999963826776	1.78244137269402	-0.454383720522781	-0.0292646108114378	-0.899800012506796
4.26628282357494	1.77677883045091	-0.448726421620949	-0.0636520481944768	-0.902637240096854
4.27256600888212	1.7710985733456	-0.443024483279619	-0.0982300091429815	-0.905438781529671
4.2788491941893	1.76540082648115	-0.437278043798844	-0.132993268757702	-0.908204356738948
4.28513237949648	1.75968581671728	-0.431487285359861	-0.167936572751822	-0.910933686665082
4.29141556480366	1.75395377266323	-0.425652434226909	-0.20305463448872	-0.913626493531554
4.29769875011084	1.74820492466881	-0.419773760882774	-0.238342132004889	-0.916282501122365
4.30398193541802	1.7424395048137	-0.413851580097713	-0.273793705026282	-0.918901435060126
4.3102651207252	1.73665774689505	-0.407886250931541	-0.309403951986361	-0.921483023084365
4.31654830603238	1.73085988641327	-0.401878176668693	-0.345167427054199	-0.924026995329634
4.32283149133956	1.72504616055618	-0.395827804686243	-0.38107863718099	-0.926533084603005
4.32911467664673	1.71921680818125	-0.38973562625493	-0.417132039173162	-0.929001026660521
4.33539786195391	1.71337206979631	-0.383602176273335	-0.453322036800506	-0.931430560482188
4.34168104726109	1.70751218753833	-0.377428032935491	-0.489642977947393	-0.933821428545085
4.34796423256827	1.7016374051507	-0.371213817332263	-0.526089151815412	-0.936173377094184
4.35424741787545	1.69574796795862	-0.364960192986967	-0.562654786185369	-0.938486156410451
4.36053060318263	1.68984412284297	-0.358667865325789	-0.599334044746777	-0.940759521075827
4.36681378848981	1.68392611821243	-0.352337581083659	-0.636121024502631	-0.94299323023468
4.37309697379699	1.67799420397402	-0.345970127646323	-0.673009753257428	-0.945187047851323
4.37938015910417	1.67204863150199	-0.33956633232949	-0.709994187195892	-0.947340742963193
4.38566334441135	1.66608965360521	-0.333127061595987	-0.747068208560068	-0.94945408992932
4.39194652971853	1.66011752449291	-0.326653220211955	-0.784225623432144	-0.951526868673668
4.39822971502571	1.65413249973901	-0.32014575034324	-0.821460159630135	-0.953558864922999
4.40451290033289	1.64813483624491	-0.313605630593197	-0.8587654647235	-0.955549870438869
4.41079608564007	1.64212479220084	-0.307033874983215	-0.896135104175537	-0.957499683243396
4.41707927094725	1.63610262704587	-0.300431531877365	-0.933562559619155	-0.95940810783845
4.42336245625443	1.6300686014265	-0.293799682852678	-0.971041227272423	-0.961274955417917
4.42964564156161	1.62402297715397	-0.287139441516597	-1.00856441650012	-0.963100044072689
4.43592882686879	1.6179660171603	-0.280451952273267	-1.0461253485272	-0.964883198988071
4.44221201217597	1.61189798545313	-0.273738389040395	-1.08371715530989	-0.966624252633272
4.44849519748315	1.60581914706935	-0.26699995391847	-1.12133287856985	-0.968323044942696
4.45477838279033	1.59972976802768	-0.260237875814241	-1.15896546899659	-0.969979423488709
4.46106156809751	1.59363011528013	-0.253453409020384	-1.196607785623	-0.971593243645639
4.46734475340469	1.58752045666251	-0.24664783175338	-1.23425259537864	-0.973164368744695
4.47362793871187	1.58140106084396	-0.239822444651681	-1.27189257282512	-0.974692670219601
4.47991112401905	1.57527219727561	-0.232978569236319	-1.30952030007744	-0.976178027742648
4.48619430932622	1.56913413613844	-0.226117546336117	-1.3471282669153	-0.977620329350983
4.4924774946334	1.56298714829029	-0.219240734479812	-1.38470887108741	-0.979019471562883
4.49876067994058	1.55683150521229	-0.212349508257353	-1.42225441881213	-0.980375359483838
4.50504386524776	1.55066747895458	-0.205445256652733	-1.45975712547702	-0.981687906902239
4.51132705055494	1.54449534208147	-0.198529381350769	-1.49720911653984	-0.982957036374516
4.51761023586212	1.53831536761613	-0.191603295020266	-1.53460242863289	-0.984182679299558
4.5238934211693	1.53212782898482	-0.184668419576013	-1.57192901087261	-0.985364775982273
4.53017660647648	1.52593299996073	-0.177726184422163	-1.60918072637568	-0.986503275686179
4.53645979178366	1.51973115460761	-0.170778024679506	-1.64634935398266	-0.987598136674894
4.54274297709084	1.51352256722307	-0.163825379399214	-1.68342659018994	-0.988649326242453
4.54902616239802	1.5073075122818	-0.156869689765648	-1.72040405129019	-0.989656820732361
4.5553093477052	1.50108626437868	-0.149912397290823	-1.7572732757214	-0.990620605545329
4.56159253301238	1.49485909817188	-0.142954942003168	-1.79402572662404	-0.991540675135641
4.56787571831956	1.48862628832598	-0.135998760633205	-1.83065279460562	-0.992417032996139
4.57415890362674	1.48238810945531	-0.129045284798791	-1.86714580071159	-0.993249691631795
4.58044208893392	1.47614483606742	-0.122095939192564	-1.9034959996011	-0.994038672521895
4.5867252742411	1.46989674250679	-0.115152139774235	-1.93969458292574	-0.994784006070841
4.59300845954828	1.46364410289904	-0.108215291970385	-1.97573268290923	-0.995485731547623
4.59929164485546	1.45738719109534	-0.101286788884346	-2.01160137612555	-0.996143897014003
4.60557483016264	1.4511262806175	-0.0943680095188493	-2.04729168747254	-0.996758559241502
4.61185801546982	1.44486164460349	-0.0874603170139937	-2.08279459433786	-0.997329783617252
4.618141200777	1.43859355575367	-0.0805650569031412	-2.11810103095385	-0.997857644038844
4.62442438608418	1.43232228627761	-0.0736835553892789	-2.1532018929373	-0.99834222279827
4.63070757139136	1.42604810784182	-0.0668171176444069	-2.18808804201004	-0.998783610455118
4.63699075669853	1.41977129151818	-0.0599670261344189	-2.22275031089585	-0.999181905699148
4.64327394200571	1.41349210773332	-0.0531345389719629	-2.25717950838881	-0.999537215202437
4.64955712731289	1.40721082621896	-0.0463208882997083	-2.29136642458805	-0.999849653461269
4.65584031262007	1.40092771596329	-0.0395272787063908	-2.32530183629343	-1.00011934262797
4.66212349792725	1.39464304516341	-0.0327548856779966	-2.35897651255639	-1.00034641233288
4.66840668323443	1.3883570811789	-0.026004854086354	-2.39238122038012	-1.00053099949675
4.67468986854161	1.38207009048666	-0.0192782967173912	-2.4255067305627	-1.00067324813374
4.68097305384879	1.37578233863699	-0.0125762928412383	-2.45834382367659	-1.00077330914527
4.68725623915597	1.36949409021097	-0.00589988682630561	-2.49088329617785	-1.0008313401051
4.69353942446315	1.36320560877921	0.000749913200611782	-2.52311596663796	-1.00084750503578
4.69982260977033	1.35691715686211	0.00737213664617787	-2.55503268209104	-1.00082197417686
4.70610579507751	1.3506289958915	0.0139658516923845	-2.58662432448882	-1.00075492374511
4.71238898038469	1.34434138617389	0.0205301664865945	-2.61788181725597	-1.00064653568716
4.71867216569187	1.33805458685523	0.0270642302779322	-2.64879613193753	-1.00049699742476
4.72495535099905	1.33176885588737	0.0335672344983352	-2.67935829493068	-1.00030650159312
4.73123853630623	1.3254844499961	0.0400384137866062	-2.70955939429226	-1.00007524577262
4.73752172161341	1.31920162465098	0.0464770469539147	-2.73939058661404	-0.999803432214255
4.74380490692059	1.31292063403682	0.0528824578892599	-2.76884310395661	-0.999491267559225
4.75008809222777	1.30664173102703	0.0592540164035042	-2.79790826083378	-0.999138962553026
4.75637127753495	1.30036516715876	0.0655911390106613	-2.82657746123811	-0.998746731754416
4.76265446284213	1.2940911926098	0.0718932896452221	-2.854842205699	-0.998314793239685
4.76893764814931	1.28782005617748	0.0781599803143752	-2.88269409836407	-0.997843368302624
4.77522083345649	1.2815520052594	0.0843907716840794	-2.91012485409483	-0.997332681150594
4.78150401876367	1.27528728583605	0.0905852735980425	-2.93712630556732	-0.996782958597134
4.78778720407084	1.26902614245544	0.0967431455287419	-2.96369041036854	-0.996194429751508
4.79407038937802	1.26276881821966	0.102864096959717	-2.98980925807936	-0.995567325705648
4.8003535746852	1.25651555477339	0.108947887698467	-3.01547507733452	-0.994901879218903
4.80663675999238	1.25026659229444	0.114994328119387	-3.04068024285043	-0.994198324401043
4.81291994529956	1.24402216948626	0.121003279336252	-3.06541728241136	-0.993456896393961
4.81920313060674	1.23778252357244	0.126974653303871	-3.08967888380477	-0.99267783105251
4.82548631591392	1.23154789029326	0.13290841284864	-3.11345790169635	-0.991861364624927
4.8317695012211	1.22531850390419	0.138804571627792	-3.13674736443565	-0.991007733433289
4.83805268652828	1.21909459717646	0.144663194017262	-3.15954048078291	-0.990117173554444
4.84433587183546	1.2128764013996	0.150484394928185	-3.18183064654808	-0.989189920501883
4.85061905714264	1.20666414638595	0.156268339552126	-3.20361145113295	-0.988226208908972
4.85690224244982	1.2004580604772	0.162015243035247	-3.22487668396727	-0.987226272214025
4.863185427757	1.19425837055287	0.167725370081722	-3.24562034083025	-0.986190342347633
4.86946861306418	1.18806530204078	0.173399034486786	-3.26583663004845	-0.985118649422715
4.87575179837136	1.18187907892942	0.179036598599924	-3.28551997856163	-0.984011421427722
4.88203498367854	1.17569992378223	0.184638472718784	-3.30466503784804	-0.982868883923425
4.88831816898572	1.16952805775386	0.190205114414491	-3.32326668970072	-0.981691259743732
4.8946013542929	1.16336370060817	0.19573702778914	-3.34132005184697	-0.980478768700963
4.90088453960008	1.15720707073815	0.201234762666354	-3.35882048340277	-0.97923162729599
4.90716772490726	1.15105838518764	0.206698913715822	-3.37576359015453	-0.977950048433675
4.91345091021444	1.14491785967477	0.212130119512898	-3.39214522966054	-0.976634241144022
4.91973409552162	1.13878570861719	0.217529061534384	-3.40796151616495	-0.975284410309423
4.9260172808288	1.13266214515897	0.222896463091701	-3.42320882531699	-0.973900756398423
4.93230046613598	1.12654738119915	0.228233088202757	-3.43788379868861	-0.97248347520638
4.93858365144315	1.12044162742188	0.233539740403906	-3.45198334808408	-0.971032757603396
4.94486683675033	1.11434509332817	0.238817261503426	-3.46550465963489	-0.969548789289902
4.95115002205751	1.10825798726909	0.244066530278087	-3.4784451976742	-0.968031750560255
4.95743320736469	1.10218051648046	0.249288461114404	-3.49080270838465	-0.966481816074699
4.96371639267187	1.09611288711899	0.254484002596249	-3.50257522321434	-0.964899154640028
4.96999957797905	1.09005530429965	0.259654136040614	-3.51376106205541	-0.963283928999298
4.97628276328623	1.08400797213446	0.264799873983297	-3.52435883618053	-0.961636295630881
4.98256594859341	1.07797109377245	0.269922258616434	-3.53436745093246	-0.959956404557203
4.98884913390059	1.07194487144077	0.275022360179814	-3.54378610816236	-0.958244399163437
4.99513231920777	1.06592950648697	0.280101275307973	-3.55261430841299	-0.956500416026439
5.00141550451495	1.05992519942227	0.285160125335155	-3.56085185284278	-0.954724584754215
5.00769868982213	1.05393214996584	0.290200054560221	-3.56849884488771	-0.952917027836155
5.01398187512931	1.04795055708993	0.295222228473723	-3.57555569165774	-0.951077860504295
5.02026506043649	1.04198061906593	0.3002278319493	-3.58202310506506	-0.949207190605827
5.02654824574367	1.03602253351109	0.3052180674017	-3.58790210268197	-0.947305118487081
5.03283143105085	1.03007649743602	0.310194152913706	-3.59319400832609	-0.945371736889186
5.03911461635803	1.02414270729276	0.315157320334309	-3.59790045237135	-0.943407130855574
5.04539780166521	1.01822135902339	0.320108813350497	-3.60202337178338	-0.941411377651541
5.05168098697239	1.01231264810916	0.325049885535064	-3.60556500987824	-0.93938454669598
5.05796417227957	1.00641676961991	0.329981798372879	-3.60852791580379	-0.937326699505458
5.06424735758675	1.00053391826393	0.334905819268056	-3.61091494374353	-0.935237889650753
5.07053054289393	0.994664288437967	0.33982321953451	-3.61272925184266	-0.933118162725974
5.07681372820111	0.988808074277382	0.344735272372402	-3.61397430085701	-0.930967556330336
5.08309691350829	0.982965469706438	0.349643250832963	-3.6146538525253	-0.928786100062703
5.08938009881546	0.977136668488542	0.354548425774247	-3.61477196766591	-0.92657381552894
5.09566328412264	0.971321864276403	0.359452063810312	-3.61433300399951	-0.924330716362133
5.10194646942982	0.96552125066204	0.364355425256383	-3.61334161369928	-0.922056808255709
5.108229654737	0.959735021226523	0.369259762072532	-3.6118027406707	-0.919752089009472
5.11451284004418	0.95396336958939	0.374166315808393	-3.60972161756337	-0.917416548588559
5.12079602535136	0.948206489457668	0.379076315551456	-3.60710376251753	-0.915050169195301
5.12707921065854	0.94246457467437	0.38399097588146	-3.60395497564832	-0.912652925353949
5.13336239596572	0.936737819266452	0.388911494833371	-3.60028133527107	-0.910224784008239
5.1396455812729	0.931026417492095	0.393839051871467	-3.59608919387131	-0.907765704631717
5.14592876658008	0.925330563887268	0.398774805876981	-3.59138517382347	-0.90527563935075
5.15221195188726	0.919650453311466	0.403719893151777	-3.58617616286243	-0.90275453308013
5.15849513719444	0.913986280992569	0.408675425440453	-3.58046930931257	-0.900202323671178
5.16477832250162	0.908338242570719	0.413642487973325	-3.57427201707904	-0.897618942072191
5.1710615078088	0.902706534141163	0.418622137532601	-3.56759194040646	-0.895004312501133
5.17734469311598	0.897091352295963	0.423615400544138	-3.56043697841023	-0.892358352630383
5.18362787842316	0.891492894164512	0.428623271197049	-3.55281526938634	-0.889680973783393
5.18991106373034	0.885911357452777	0.433646709593436	-3.54473518490532	-0.886972081143069
5.19619424903752	0.8803469404812	0.438686639930461	-3.53620532369654	-0.884231573971673
5.2024774343447	0.874799842221171	0.443743948716953	-3.52723450532925	-0.881459345842042
5.20876061965188	0.869270262330024	0.448819483026653	-3.51783176369688	-0.878655284879898
5.21504380495906	0.863758401184476	0.453914048790193	-3.50800634031142	-0.875819274017012
5.22132699026624	0.858264459912431	0.459028409127841	-3.4977676774149	-0.872951191254974
5.22761017557342	0.852788640423107	0.464163282724985	-3.48712541091503	-0.870050909939308
5.2338933608806	0.847331145435402	0.469319342252252	-3.47608936315266	-0.867118299043646
5.24017654618777	0.841892178504444	0.474497212832175	-3.4646695355082	-0.864153223463694
5.24645973149495	0.836471944046266	0.47969747055415	-3.45287610085519	-0.861155544320672
5.25274291680213	0.831070647360541	0.484920641039456	-3.44071939586842	-0.85812511927394
5.25902610210931	0.825688494651337	0.490167198058004	-3.42820991319501	-0.855061802842464
5.26530928741649	0.820325693045804	0.495437562198422	-3.41535829349626	-0.851965446734819
5.27159247272367	0.814982450610785	0.500732099593014	-3.4021753173688	-0.848835900187372
5.27787565803085	0.809658976367259	0.506051120699065	-3.38867189715322	-0.845673010310293
5.28415884333803	0.804355480302597	0.5113948791379	-3.37485906863871	-0.842476622441061
5.29044202864521	0.799072173380571	0.516763570593017	-3.36074798267231	-0.839246580505056
5.29672521395239	0.793809267549073	0.522157331768554	-3.34634989668124	-0.835982727382904
5.30300839925957	0.788566975745512	0.527576239409268	-3.33167616611726	-0.832684905284163
5.30929158456675	0.78334551189984	0.533020309383134	-3.31673823583145	-0.829352956126979
5.31557476987393	0.778145090935174	0.538489495827611	-3.30154763138854	-0.825986721923297
5.32185795518111	0.772965928765982	0.543983690360488	-3.28611595032932	-0.822586045169237
5.32814114048829	0.767808242293809	0.549502721356228	-3.27045485339017	-0.819150769240232
5.33442432579547	0.762672249400488	0.555046353288587	-3.25457605568831	-0.815680738790492
5.34070751110265	0.757558168938849	0.560614286140223	-3.23849131788183	-0.812175800156393
5.34699069640983	0.75246622072087	0.566206154879944	-3.22221243731315	-0.808635801763371
5.35327388171701	0.747396625503265	0.571821529008157	-3.20575123914477	-0.805060594535872
5.35955706702419	0.742349604970485	0.577459912170983	-3.18911956749601	-0.801450032309956
5.36584025233137	0.737325381715123	0.58312074184346	-3.17232927658943	-0.797803972248099
5.37212343763855	0.73232417921571	0.588803389082132	-3.15539222191567	-0.794122275255777
5.37840662294573	0.727346221811877	0.594507158347291	-3.13832025142508	-0.790404806399375
5.38468980825291	0.722391734676903	0.600231287395011	-3.12112519675488	-0.786651435325006
5.39097299356009	0.717460943787616	0.605974947239078	-3.10381886449999	-0.782862036677774
5.39725617886726	0.712554075891672	0.611737242182795	-3.08641302753604	-0.779036490521071
5.40353936417444	0.707671358472192	0.61751720992063	-3.06891941640261	-0.775174682755447
5.40982254948162	0.70281301970977	0.623313821709513	-3.05134971075488	-0.771276505536623
5.4161057347888	0.697979288441864	0.629125982609581	-3.03371553089154	-0.767341857692209
5.42238892009598	0.693170394119574	0.634952531794061	-3.01602842936686	-0.763370645136701
5.42867210540316	0.688386566761804	0.640792242927928	-2.99829988269449	-0.759362781284295
5.43495529071034	0.68362803690686	0.646643824614858	-2.98054128315059	-0.755318187459127
5.44123847601752	0.678895035561469	0.652505920911977	-2.96276393068366	-0.751236793302484
5.4475216613247	0.674187794147244	0.658377111911805	-2.94497902493809	-0.747118537176562
5.45380484663188	0.669506544444634	0.664255914390727	-2.9271976573987	-0.742963366564373
5.46008803193906	0.664851518534374	0.670140782523245	-2.90943080366288	-0.738771238465356
5.46637121724624	0.660222948736458	0.676030108661242	-2.89168931584708	-0.734542119786307
5.47265440255342	0.65562106754667	0.681922224177344	-2.87398391513406	-0.7302759877272
5.4789375878606	0.651046107570722	0.687815400371488	-2.85632518446721	-0.725972830161521
5.48522077316778	0.646498301456001	0.693707849439669	-2.83872356139786	-0.721632646010702
5.49150395847496	0.641977881821	0.699597725503824	-2.82118933109152	-0.71725544561228
5.49778714378214	0.637485081182447	0.705483125701739	-2.80373261949863	-0.712841251081392
5.50407032908932	0.633020131880182	0.711362091335786	-2.78636338669513	-0.70839009666524
5.5103535143965	0.628583265999844	0.71723260907927	-2.7690914203982	-0.703902029090155
5.51663669970368	0.624174715293383	0.723092612239105	-2.75192632966185	-0.699377107900905
5.52291988501086	0.619794711097482	0.728939982073469	-2.73487753875732	-0.694815405791891
5.52920307031804	0.615443484249909	0.734772549163052	-2.7179542812425	-0.690217008929902
5.53548625562522	0.611121265003887	0.740588094834459	-2.70116559422489	-0.685582017268088
5.54176944093239	0.606828282940498	0.746384352634302	-2.68452031282177	-0.680910544850824
5.54805262623957	0.602564766879221	0.752159009852423	-2.66802706482155	-0.67620272010916
5.55433581154675	0.598330944786627	0.757909709092697	-2.65169426554967	-0.671458686146553
5.56061899685393	0.594127043683327	0.763634049889802	-2.63553011294237	-0.666678601014583
5.56690218216111	0.589953289549203	0.769329590370317	-2.61954258283129	-0.661862637978364
5.57318536746829	0.585809907227015	0.774993848956437	-2.60373942444162	-0.657010985771392
5.57946855277547	0.581697120324441	0.780624306110619	-2.5881281561064	-0.652123848839556
5.58575173808265	0.577615151114611	0.786218406119398	-2.57271606119902	-0.647201447574058
5.59203492338983	0.573564220435221	0.79177355891459	-2.55751018428625	-0.642244018533014
5.59831810869701	0.569544547586283	0.797287141930087	-2.54251732750315	-0.637251814651493
5.60460129400419	0.565556350226602	0.802756501992409	-2.5277440471517	-0.63222510543979
5.61088447931137	0.561599844269035	0.808178957243173	-2.51319665052419	-0.627164177169711
5.61716766461855	0.557675243774624	0.813551799091595	-2.49888119295254	-0.622069333048685
5.62345084992573	0.553782760845669	0.818872294195139	-2.48480347508414	-0.616940893381525
5.62973403523291	0.549922605517833	0.824137686466418	-2.47096904038496	-0.611779195719654
5.63601722054009	0.546094985651332	0.829345199104424	-2.45738317286993	-0.606584594997646
5.64230040584727	0.542300106821329	0.834492036648148	-2.44405089506097	-0.60135746365693
5.64858359115445	0.538538172207575	0.839575387050671	-2.43097696617223	-0.596098191756539
5.65486677646163	0.534809382483401	0.844592423771769	-2.41816588052223	-0.590807187070743
5.66114996176881	0.531113935704136	0.849540307887092	-2.40562186617225	-0.585484875173506
5.66743314707599	0.527452027195042	0.854416190211945	-2.39334888379014	-0.580131699509627
5.67371633238317	0.523823849438838	0.859217213437752	-2.38135062573844	-0.574748121452507
5.67999951769035	0.520229591962903	0.863940514279226	-2.36963051538545	-0.569334620348446
5.68628270299753	0.516669441226248	0.868583225630309	-2.3581917066379	-0.563891693547432
5.69256588830471	0.513143580506331	0.873142478726944	-2.3470370836934	-0.558419856420354
5.69884907361188	0.509652189785815	0.877615405314738	-2.33616926101072	-0.552919642362613
5.70513225891906	0.506195445639335	0.881999139819608	-2.32559058349596	-0.547391602784099
5.71141544422624	0.502773521120379	0.88629082151948	-2.31530312690209	-0.541836307085528
5.71769862953342	0.499386585648364	0.890487596715155	-2.30530869843964	-0.536254342621139
5.7239818148406	0.496034804895974	0.894586620898465	-2.29560883759561	-0.53064631464775
5.73026500014778	0.492718340676876	0.898585060915842	-2.28620481715794	-0.52501284626021
5.73654818545496	0.489437350833878	0.902480097125459	-2.27709764444252	-0.519354578313277
5.74283137076214	0.486191989127621	0.90626892554612	-2.26828806271949	-0.513672169329965
5.74911455606932	0.482982405125891	0.909948759996094	-2.25977655283562	-0.507966295396418
5.7553977413765	0.479808744093625	0.913516834220114	-2.25156333502916	-0.502237650043385
5.76168092668368	0.476671146883721	0.91697040400279	-2.24364837093373	-0.496486944114377
5.76796411199086	0.4735697498287	0.920306749266698	-2.23603136576731	-0.490714905620576
5.77424729729804	0.47050468463333	0.923523176153469	-2.22871177070254	-0.484922279582633
5.78053048260522	0.467476078268286	0.926617019086183	-2.22168878541439	-0.479109827859432
5.7868136679124	0.46448405286492	0.929585642811452	-2.21496136080091	-0.473278328963976
5.79309685321958	0.461528725611236	0.932426444419571	-2.20852820187293	-0.467428577866489
5.79938003852676	0.458610208649137	0.935136855341181	-2.2023877708084	-0.461561385784921
5.80566322383394	0.455728608973025	0.937714343318887	-2.1965382901668	-0.455677579962959
5.81194640914112	0.452884028329842	0.940156414352355	-2.19097774625926	-0.449778003435765
5.8182295944483	0.450076563120614	0.942460614615397	-2.18570389266956	-0.443863514783545
5.82451277975548	0.447306304303587	0.944624532343643	-2.18071425392154	-0.437934987873192
5.83079596506266	0.444573337299019	0.946645799691394	-2.17600612928805	-0.43199331158815
5.83707915036984	0.441877741895706	0.948522094556314	-2.17157659673645	-0.426039389546719
5.84336233567702	0.439219592159318	0.950251142370664	-2.16742251700617	-0.420074139808991
5.8496455209842	0.436598956342605	0.951830717857788	-2.16354053781291	-0.414098494572643
5.85592870629137	0.434015896797554	0.953258646752661	-2.15992709817487	-0.408113399857817
5.86221189159855	0.431470469889559	0.954532807485281	-2.15657843285574	-0.402119815181287
5.86849507690573	0.428962725913667	0.955651132825793	-2.15349057691956	-0.39611871322018
5.87477826221291	0.426492709012977	0.956611611490245	-2.15065937039221	-0.390111079465486
5.88106144752009	0.424060457099239	0.957412289705912	-2.14808046302451	-0.384097911865594
5.88734463282727	0.421666001775727	0.958051272735203	-2.14574931915179	-0.378080220460131
5.89362781813445	0.419309368262446	0.958526726357176	-2.14366122264483	-0.372059027004361
5.89991100344163	0.416990575323722	0.958836878305743	-2.14181128194688	-0.366035364584397
5.90619418874881	0.414709635198241	0.958980019663713	-2.14019443519184	-0.360010277223535
5.91247737405599	0.412466553531588	0.958954506211823	-2.13880545539833	-0.353984819479953
5.91876055936317	0.410261329311339	0.958758759732004	-2.13763895573457	-0.347960056036083
5.92504374467035	0.408093954804762	0.958391269264122	-2.13668939484897	-0.341937061279945
5.93132692997753	0.40596441549917	0.957850592315534	-2.13595108226137	-0.335916918878723
5.93761011528471	0.403872690044975	0.9571353560228	-2.13541818380996	-0.3299007213449
5.94389330059189	0.401818750201495	0.956244258264951	-2.13508472714861	-0.323889569595238
5.95017648589907	0.399802560785555	0.955176068727794	-2.13494460729007	-0.317884572502928
5.95645967120625	0.397824079622913	0.953929629918704	-2.13499159218964	-0.311886846443192
5.96274285651343	0.395883257502572	0.952503858131484	-2.13521932836481	-0.305897514832679
5.96902604182061	0.393980038133998	0.950897744360854	-2.13562134654584	-0.299917707662948
5.97530922712779	0.39211435810729	0.949110355166219	-2.13619106735255	-0.293948561028375
5.98159241243497	0.390286146856332	0.947140833484368	-2.13692180699262	-0.287991216648778
5.98787559774215	0.388495326624957	0.944988399390847	-2.13780678297678	-0.282046821387111
5.99415878304933	0.386741812436165	0.942652350809746	-2.13883911984622	-0.276116526762527
6.0004419683565	0.385025512064402	0.940132064171735	-2.14001185490783	-0.270201488459147
6.00672515366368	0.383346326010948	0.937426995020157	-2.14131794397271	-0.264302865830857
6.01300833897086	0.381704147482424	0.934536678565114	-2.14275026709373	-0.258421821402461
6.01929152427804	0.380098862372446	0.931460730185442	-2.14430163429766	-0.252559520367517
6.02557470958522	0.378530349246439	0.928198845878563	-2.14596479130792	-0.24671713008318
6.0318578948924	0.376998479329637	0.924750802658232	-2.14773242525361	-0.240895819562384
6.03814108019958	0.375503116498284	0.921116458900222	-2.14959717036097	-0.235096758963686
6.04442426550676	0.374044117274044	0.917295754636045	-2.15155161362317	-0.229321119079107
6.05070745081394	0.372621330821629	0.913288711794835	-2.15358830044478	-0.223570070820286
6.05699063612112	0.37123459894967	0.909095434393569	-2.15569974025699	-0.217844784703273
6.0632738214283	0.369883756114825	0.904716108675821	-2.15787841209998	-0.212146430332303
6.06955700673548	0.368568629429127	0.900151003199292	-2.160116770169	-0.206476175882839
6.07584019204266	0.367289038670591	0.895400468872404	-2.16240724932048	-0.200835187584239
6.08212337734984	0.366044796297063	0.890464938940242	-2.164742270535	-0.195224629202351
6.08840656265702	0.364835707463328	0.885344928920225	-2.16711424633379	-0.189645661522352
6.0946897479642	0.363661570041458	0.880041036487837	-2.16951558614552	-0.184099441832144
6.10097293327138	0.362522174644409	0.874553941312876	-2.17193870162049	-0.178587123406637
6.10725611857856	0.361417304652852	0.868884404846618	-2.17437601188909	-0.173109854993197
6.11353930388574	0.360346736245232	0.863033270060387	-2.17681994876183	-0.1676687802986
6.11982248919292	0.359310238431046	0.857001461136029	-2.17926296186803	-0.162265037477771
6.1261056745001	0.358307573087329	0.850789983108815	-2.18169752373071	-0.156899758624623
6.13238885980728	0.357338494998329	0.84439992146332	-2.1841161347749	-0.151574069265282
6.13867204511446	0.356402751898359	0.837832441682867	-2.1865113282672	-0.146289087854003
6.14495523042164	0.355500084517805	0.831088788753143	-2.18887567518404	-0.141045925272056
6.15123841572882	0.354630226632275	0.824170286620607	-2.19120178900641	-0.135845684329878
6.15752160103599	0.353792905114868	0.81707833760637	-2.19348233043913	-0.130689459272766
6.16380478634317	0.352987839991527	0.809814421776184	-2.19571001205237	-0.12557833529039
6.17008797165035	0.352214744499474	0.802380096267274	-2.19787760284363	-0.1205133880304
6.17637115695753	0.351473325148674	0.794776994572734	-2.19997793271831	-0.115495683116404
6.18265434226471	0.350763281786327	0.787006825784182	-2.20200389688714	-0.110526275670559
6.18893752757189	0.350084307664335	0.7790713737935	-2.2039484601788	-0.105606209841064
6.19522071287907	0.34943608950972	0.770972496454372	-2.20580466126618	-0.100736518334784
6.20150389818625	0.348818307597975	0.762712124704473	-2.20756561680497	-0.0959182219552817
6.20778708349343	0.348230635829283	0.754292261649064	-2.20922452548292	-0.0911523291464633
6.21407026880061	0.3476727418076	0.745714981606862	-2.21077467197888	-0.0864398355421251
6.22035345410779	0.347144286922538	0.736982429119002	-2.21220943083008	-0.0817817235215921
6.22663663941497	0.346644926434025	0.728096817921964	-2.21352227020689	-0.0771789617717126
6.23291982472215	0.3461743095597	0.719060429885304	-2.21470675559377	-0.0726325048554045
6.23920301002933	0.345732079564989	0.709875613915098	-2.21575655337572	-0.068143292786992
6.24548619533651	0.345317873855837	0.700544784823976	-2.21666543432923	-0.0637122506145365
6.25176938064369	0.344931324074034	0.691070422168641	-2.21742727701716	-0.0593402880093681
6.25805256595087	0.344572056195101	0.681455069055791	-2.21803607108662	-0.0550282988630194
6.26433575125805	0.344239690628684	0.671701330917362	-2.21848592046956	-0.0507771608917628
6.27061893656523	0.343933842321408	0.661811874256018	-2.21877104648525	-0.0465877352489372
6.27690212187241	0.343654120862144	0.651789425361812	-2.21888579084449	-0.0424608661452424
