0.001	0.000999	0.000999000499833375
0.011	0.0108791499490279	0.0108796630665291
0.0240318799462744	0.0234585465394858	0.023461233015395
0.0390000148658529	0.0375018653937383	0.0375082913963601
0.0549433293560352	0.0519946678551356	0.0520059923441715
0.0713972757226283	0.0664604205089086	0.0664774264230397
0.0881468298413453	0.0806863562147847	0.0807095667329623
0.105100711460959	0.0945854445800735	0.0946152185528274
0.122227737837549	0.108128452504679	0.108165046653673
0.139525014929622	0.121311242370324	0.121354848827303
0.157002249843581	0.134139389859602	0.134190158277611
0.174674168249112	0.146621191272521	0.146679241852578
0.192556983362352	0.158764679292702	0.158830110574413
0.210666870888445	0.170576513968448	0.170649407614177
0.229019418083832	0.182061717200715	0.1821421410431
0.247629528329918	0.193223757877867	0.19331176795071
0.266511523398303	0.204064757964713	0.204160399926323
0.285679318247183	0.214585717581379	0.214689027764251
0.305146610371513	0.224786718143268	0.224897724365134
0.32492705930823	0.234667090888355	0.234785813103746
0.345034448237086	0.244225550408674	0.24435200124838
0.365482827178022	0.253460297480343	0.253594482707955
0.386286640454126	0.262369096678472	0.262511015582723
0.407460842133271	0.270949333982016	0.271098979717427
0.429021003242595	0.279198058772685	0.279355418657378
0.450983414250892	0.287112013740665	0.287277069517864
0.473365185916642	0.294687655401741	0.294860383470048
0.496184351232395	0.301921167259815	0.302101538876337
0.519459970911131	0.308808467117125	0.308996448576829
0.543212244672871	0.315345209623262	0.315540762417409
0.5674626305003	0.321526784839505	0.321729865795621
0.592233974035959	0.327348313354706	0.32755887476021
0.617550650386183	0.332804638303688	0.333022628015059
0.643438720776808	0.337890314493676	0.33811567603281
0.669926106774907	0.342599594726567	0.34283226736582
0.697042785156284	0.346926413305543	0.347166332142792
0.724821006972289	0.350864366626232	0.351111462651202
0.753295544969926	0.35440669066946	0.354660890822447
0.78250397427168	0.357546235129319	0.357807462353385
0.812486992160689	0.360275433822307	0.360543607109976
0.843288783988987	0.362586270925877	0.362861305361315
0.87495744369301	0.364470242482886	0.364752049280512
0.907545459242967	0.365918312476326	0.366206799016813
0.941110275680126	0.366920862619295	0.36721593248385
0.975714951354743	0.367467634809384	0.367769187813182
1.01142892676565	0.367547664952892	0.367855597178452
1.04832893029093	0.367149206556927	0.36746341038807
1.08650005146144	0.366259642095523	0.3665800062523
1.12603702078604	0.364865379650447	0.365191789224983
1.16704574622534	0.362951731668209	0.36328406816066
1.20964517128175	0.360502771804967	0.36084091315756
1.25396953985318	0.357501164668992	0.357844985294089
1.30017118073317	0.353927961697041	0.354277332491876
1.34842396329416	0.349762354240069	0.350117142575399
1.39892763058852	0.344981371918276	0.345341441579369
1.45191329481269	0.339559510024418	0.339924721068198
1.50765049546454	0.333468263558225	0.333838472026039
1.5664563931955	0.326675536313505	0.32705059369772
1.62870793679604	0.319144879564927	0.319524631856403
1.69485825640708	0.310834493311277	0.31121877932933
1.76545920903516	0.301695888381283	0.302084536860663
1.84119312978128	0.29167205008416	0.292064874569249
1.92291880674666	0.280694844213489	0.281091633986275
2.01174028427101	0.268681224468471	0.269081728062853
2.10911402289411	0.255527449749547	0.255931344005588
2.21702425304586	0.241099793429702	0.241506622744494
2.33828857297663	0.22521858119431	0.225627630719355
2.47713691205509	0.20762820779076	0.208038215094903
2.64044462303335	0.187933308500167	0.188341720806419
2.8389384270731	0.165642828237264	0.166043041504588
3.05595861283344	0.143493522897882	0.14386710542102
3.28137458567021	0.122971153395825	0.123302798786996
3.51146061787294	0.104545295015357	0.104828611222655
3.74638742535387	0.0881896399946377	0.0884254545903016
3.98828751549139	0.0737149270949495	0.0739086379512606
4.24028274793928	0.0609148883346299	0.0610749918620164
4.5061495070745	0.0496140693587668	0.0497519069200951
4.79034212984179	0.03967535675475	0.0398058936850699
5.09824368636935	0.0309935657193154	0.0311373386216779
5.43662763679683	0.0234849151642953	0.0236718502991979
5.81441252799322	0.0170746477398729	0.0173515615435967
6.24393399986616	0.0116806794232356	0.0121269677406448
6.74328051079811	0.00718510110278999	0.0079488025713626
7.34122574343051	0.00336682856393033	0.0047589895164806
8	5.68396631933743E-05	0.00268370102322009
